service_id,date,exception_type
508409,20270406,1
508409,20270101,1
508409,20270216,1
508409,20270311,1
508409,20270501,1
508409,20270624,1
508409,20270706,1
508409,20270815,1
508409,20261101,1
508409,20261102,1
508409,20261224,1
508409,20261225,1
508409,20261226,1
507997,20270406,1
507997,20270101,1
507997,20270216,1
507997,20270311,1
507997,20270501,1
507997,20270624,1
507997,20270706,1
507997,20270815,1
507997,20261101,1
507997,20261102,1
507997,20261224,1
507997,20261225,1
507997,20261226,1
507434,20270406,2
507434,20270101,2
507434,20270216,2
507434,20270311,2
507434,20270501,2
507434,20270624,2
507434,20270706,2
507434,20270815,2
507434,20261101,2
507434,20261102,2
507434,20261224,2
507434,20261225,2
507434,20261226,2
507435,20270406,1
507435,20270101,1
507435,20270216,1
507435,20270311,1
507435,20270501,1
507435,20270624,1
507435,20270706,1
507435,20270815,1
507435,20261101,1
507435,20261102,1
507435,20261224,1
507435,20261225,1
507435,20261226,1
508125,20270406,2
508125,20270101,2
508125,20270216,2
508125,20270311,2
508125,20270501,2
508125,20270624,2
508125,20270706,2
508125,20270815,2
508125,20261101,2
508125,20261102,2
508125,20261224,2
508125,20261225,2
508125,20261226,2
508126,20270406,1
508126,20270101,1
508126,20270216,1
508126,20270311,1
508126,20270501,1
508126,20270624,1
508126,20270706,1
508126,20270815,1
508126,20261101,1
508126,20261102,1
508126,20261224,1
508126,20261225,1
508126,20261226,1
507797,20270406,1
507797,20270101,1
507797,20270216,1
507797,20270311,1
507797,20270501,1
507797,20270624,1
507797,20270706,1
507797,20270815,1
507797,20261101,1
507797,20261102,1
507797,20261224,1
507797,20261225,1
507797,20261226,1
507796,20270406,2
507796,20270101,2
507796,20270216,2
507796,20270311,2
507796,20270501,2
507796,20270624,2
507796,20270706,2
507796,20270815,2
507796,20261101,2
507796,20261102,2
507796,20261224,2
507796,20261225,2
507796,20261226,2
507800,20270406,2
507800,20270101,2
507800,20270216,2
507800,20270311,2
507800,20270501,2
507800,20270624,2
507800,20270706,2
507800,20270815,2
507800,20261101,2
507800,20261102,2
507800,20261224,2
507800,20261225,2
507800,20261226,2
508549,20270406,2
508549,20270101,2
508549,20270216,2
508549,20270311,2
508549,20270501,2
508549,20270624,2
508549,20270706,2
508549,20270815,2
508549,20261101,2
508549,20261102,2
508549,20261224,2
508549,20261225,2
508549,20261226,2
507885,20270406,1
507885,20270101,1
507885,20270216,1
507885,20270311,1
507885,20270501,1
507885,20270624,1
507885,20270706,1
507885,20270815,1
507885,20261101,1
507885,20261102,1
507885,20261224,1
507885,20261225,1
507885,20261226,1
507886,20270406,2
507886,20270101,2
507886,20270216,2
507886,20270311,2
507886,20270501,2
507886,20270624,2
507886,20270706,2
507886,20270815,2
507886,20261101,2
507886,20261102,2
507886,20261224,2
507886,20261225,2
507886,20261226,2
507798,20270406,2
507798,20270101,2
507798,20270216,2
507798,20270311,2
507798,20270501,2
507798,20270624,2
507798,20270706,2
507798,20270815,2
507798,20261101,2
507798,20261102,2
507798,20261224,2
507798,20261225,2
507798,20261226,2
507799,20270406,1
507799,20270101,1
507799,20270216,1
507799,20270311,1
507799,20270501,1
507799,20270624,1
507799,20270706,1
507799,20270815,1
507799,20261101,1
507799,20261102,1
507799,20261224,1
507799,20261225,1
507799,20261226,1
507887,20270406,2
507887,20270101,2
507887,20270216,2
507887,20270311,2
507887,20270501,2
507887,20270624,2
507887,20270706,2
507887,20270815,2
507887,20261101,2
507887,20261102,2
507887,20261224,2
507887,20261225,2
507887,20261226,2
507888,20270406,1
507888,20270101,1
507888,20270216,1
507888,20270311,1
507888,20270501,1
507888,20270624,1
507888,20270706,1
507888,20270815,1
507888,20261101,1
507888,20261102,1
507888,20261224,1
507888,20261225,1
507888,20261226,1
507790,20270406,2
507790,20270101,2
507790,20270216,2
507790,20270311,2
507790,20270501,2
507790,20270624,2
507790,20270706,2
507790,20270815,2
507790,20261101,2
507790,20261102,2
507790,20261224,2
507790,20261225,2
507790,20261226,2
507791,20270406,1
507791,20270101,1
507791,20270216,1
507791,20270311,1
507791,20270501,1
507791,20270624,1
507791,20270706,1
507791,20270815,1
507791,20261101,1
507791,20261102,1
507791,20261224,1
507791,20261225,1
507791,20261226,1
507801,20270406,1
507801,20270101,1
507801,20270216,1
507801,20270311,1
507801,20270501,1
507801,20270624,1
507801,20270706,1
507801,20270815,1
507801,20261101,1
507801,20261102,1
507801,20261224,1
507801,20261225,1
507801,20261226,1
507432,20270406,2
507432,20270101,2
507432,20270216,2
507432,20270311,2
507432,20270501,2
507432,20270624,2
507432,20270706,2
507432,20270815,2
507432,20261101,2
507432,20261102,2
507432,20261224,2
507432,20261225,2
507432,20261226,2
507433,20270406,1
507433,20270101,1
507433,20270216,1
507433,20270311,1
507433,20270501,1
507433,20270624,1
507433,20270706,1
507433,20270815,1
507433,20261101,1
507433,20261102,1
507433,20261224,1
507433,20261225,1
507433,20261226,1
507803,20270406,1
507803,20270101,1
507803,20270216,1
507803,20270311,1
507803,20270501,1
507803,20270624,1
507803,20270706,1
507803,20270815,1
507803,20261101,1
507803,20261102,1
507803,20261224,1
507803,20261225,1
507803,20261226,1
507802,20270406,2
507802,20270101,2
507802,20270216,2
507802,20270311,2
507802,20270501,2
507802,20270624,2
507802,20270706,2
507802,20270815,2
507802,20261101,2
507802,20261102,2
507802,20261224,2
507802,20261225,2
507802,20261226,2
507792,20270406,2
507792,20270101,2
507792,20270216,2
507792,20270311,2
507792,20270501,2
507792,20270624,2
507792,20270706,2
507792,20270815,2
507792,20261101,2
507792,20261102,2
507792,20261224,2
507792,20261225,2
507792,20261226,2
507793,20270406,1
507793,20270101,1
507793,20270216,1
507793,20270311,1
507793,20270501,1
507793,20270624,1
507793,20270706,1
507793,20270815,1
507793,20261101,1
507793,20261102,1
507793,20261224,1
507793,20261225,1
507793,20261226,1
507794,20270406,2
507794,20270101,2
507794,20270216,2
507794,20270311,2
507794,20270501,2
507794,20270624,2
507794,20270706,2
507794,20270815,2
507794,20261101,2
507794,20261102,2
507794,20261224,2
507794,20261225,2
507794,20261226,2
507795,20270406,1
507795,20270101,1
507795,20270216,1
507795,20270311,1
507795,20270501,1
507795,20270624,1
507795,20270706,1
507795,20270815,1
507795,20261101,1
507795,20261102,1
507795,20261224,1
507795,20261225,1
507795,20261226,1
507436,20270406,2
507436,20270101,2
507436,20270216,2
507436,20270311,2
507436,20270501,2
507436,20270624,2
507436,20270706,2
507436,20270815,2
507436,20261101,2
507436,20261102,2
507436,20261224,2
507436,20261225,2
507436,20261226,2
507437,20270406,1
507437,20270101,1
507437,20270216,1
507437,20270311,1
507437,20270501,1
507437,20270624,1
507437,20270706,1
507437,20270815,1
507437,20261101,1
507437,20261102,1
507437,20261224,1
507437,20261225,1
507437,20261226,1
507804,20270406,2
507804,20270101,2
507804,20270216,2
507804,20270311,2
507804,20270501,2
507804,20270624,2
507804,20270706,2
507804,20270815,2
507804,20261101,2
507804,20261102,2
507804,20261224,2
507804,20261225,2
507804,20261226,2
507805,20270406,1
507805,20270101,1
507805,20270216,1
507805,20270311,1
507805,20270501,1
507805,20270624,1
507805,20270706,1
507805,20270815,1
507805,20261101,1
507805,20261102,1
507805,20261224,1
507805,20261225,1
507805,20261226,1
507807,20270406,1
507807,20270101,1
507807,20270216,1
507807,20270311,1
507807,20270501,1
507807,20270624,1
507807,20270706,1
507807,20270815,1
507807,20261101,1
507807,20261102,1
507807,20261224,1
507807,20261225,1
507807,20261226,1
507806,20270406,2
507806,20270101,2
507806,20270216,2
507806,20270311,2
507806,20270501,2
507806,20270624,2
507806,20270706,2
507806,20270815,2
507806,20261101,2
507806,20261102,2
507806,20261224,2
507806,20261225,2
507806,20261226,2
507808,20270406,2
507808,20270101,2
507808,20270216,2
507808,20270311,2
507808,20270501,2
507808,20270624,2
507808,20270706,2
507808,20270815,2
507808,20261101,2
507808,20261102,2
507808,20261224,2
507808,20261225,2
507808,20261226,2
507809,20270406,1
507809,20270101,1
507809,20270216,1
507809,20270311,1
507809,20270501,1
507809,20270624,1
507809,20270706,1
507809,20270815,1
507809,20261101,1
507809,20261102,1
507809,20261224,1
507809,20261225,1
507809,20261226,1
507438,20270406,2
507438,20270101,2
507438,20270216,2
507438,20270311,2
507438,20270501,2
507438,20270624,2
507438,20270706,2
507438,20270815,2
507438,20261101,2
507438,20261102,2
507438,20261224,2
507438,20261225,2
507438,20261226,2
507439,20270406,1
507439,20270101,1
507439,20270216,1
507439,20270311,1
507439,20270501,1
507439,20270624,1
507439,20270706,1
507439,20270815,1
507439,20261101,1
507439,20261102,1
507439,20261224,1
507439,20261225,1
507439,20261226,1
507810,20270406,2
507810,20270101,2
507810,20270216,2
507810,20270311,2
507810,20270501,2
507810,20270624,2
507810,20270706,2
507810,20270815,2
507810,20261101,2
507810,20261102,2
507810,20261224,2
507810,20261225,2
507810,20261226,2
507811,20270406,1
507811,20270101,1
507811,20270216,1
507811,20270311,1
507811,20270501,1
507811,20270624,1
507811,20270706,1
507811,20270815,1
507811,20261101,1
507811,20261102,1
507811,20261224,1
507811,20261225,1
507811,20261226,1
507812,20270406,2
507812,20270101,2
507812,20270216,2
507812,20270311,2
507812,20270501,2
507812,20270624,2
507812,20270706,2
507812,20270815,2
507812,20261101,2
507812,20261102,2
507812,20261224,2
507812,20261225,2
507812,20261226,2
507440,20270406,2
507440,20270101,2
507440,20270216,2
507440,20270311,2
507440,20270501,2
507440,20270624,2
507440,20270706,2
507440,20270815,2
507440,20261101,2
507440,20261102,2
507440,20261224,2
507440,20261225,2
507440,20261226,2
507441,20270406,1
507441,20270101,1
507441,20270216,1
507441,20270311,1
507441,20270501,1
507441,20270624,1
507441,20270706,1
507441,20270815,1
507441,20261101,1
507441,20261102,1
507441,20261224,1
507441,20261225,1
507441,20261226,1
507442,20270406,2
507442,20270101,2
507442,20270216,2
507442,20270311,2
507442,20270501,2
507442,20270624,2
507442,20270706,2
507442,20270815,2
507442,20261101,2
507442,20261102,2
507442,20261224,2
507442,20261225,2
507442,20261226,2
507443,20270406,1
507443,20270101,1
507443,20270216,1
507443,20270311,1
507443,20270501,1
507443,20270624,1
507443,20270706,1
507443,20270815,1
507443,20261101,1
507443,20261102,1
507443,20261224,1
507443,20261225,1
507443,20261226,1
507444,20270406,2
507444,20270101,2
507444,20270216,2
507444,20270311,2
507444,20270501,2
507444,20270624,2
507444,20270706,2
507444,20270815,2
507444,20261101,2
507444,20261102,2
507444,20261224,2
507444,20261225,2
507444,20261226,2
507445,20270406,1
507445,20270101,1
507445,20270216,1
507445,20270311,1
507445,20270501,1
507445,20270624,1
507445,20270706,1
507445,20270815,1
507445,20261101,1
507445,20261102,1
507445,20261224,1
507445,20261225,1
507445,20261226,1
507813,20270406,1
507813,20270101,1
507813,20270216,1
507813,20270311,1
507813,20270501,1
507813,20270624,1
507813,20270706,1
507813,20270815,1
507813,20261101,1
507813,20261102,1
507813,20261224,1
507813,20261225,1
507813,20261226,1
507814,20270406,2
507814,20270101,2
507814,20270216,2
507814,20270311,2
507814,20270501,2
507814,20270624,2
507814,20270706,2
507814,20270815,2
507814,20261101,2
507814,20261102,2
507814,20261224,2
507814,20261225,2
507814,20261226,2
507815,20270406,1
507815,20270101,1
507815,20270216,1
507815,20270311,1
507815,20270501,1
507815,20270624,1
507815,20270706,1
507815,20270815,1
507815,20261101,1
507815,20261102,1
507815,20261224,1
507815,20261225,1
507815,20261226,1
507817,20270406,1
507817,20270101,1
507817,20270216,1
507817,20270311,1
507817,20270501,1
507817,20270624,1
507817,20270706,1
507817,20270815,1
507817,20261101,1
507817,20261102,1
507817,20261224,1
507817,20261225,1
507817,20261226,1
507816,20270406,2
507816,20270101,2
507816,20270216,2
507816,20270311,2
507816,20270501,2
507816,20270624,2
507816,20270706,2
507816,20270815,2
507816,20261101,2
507816,20261102,2
507816,20261224,2
507816,20261225,2
507816,20261226,2
507881,20270406,1
507881,20270101,1
507881,20270216,1
507881,20270311,1
507881,20270501,1
507881,20270624,1
507881,20270706,1
507881,20270815,1
507881,20261101,1
507881,20261102,1
507881,20261224,1
507881,20261225,1
507881,20261226,1
507880,20270406,2
507880,20270101,2
507880,20270216,2
507880,20270311,2
507880,20270501,2
507880,20270624,2
507880,20270706,2
507880,20270815,2
507880,20261101,2
507880,20261102,2
507880,20261224,2
507880,20261225,2
507880,20261226,2
507446,20270406,2
507446,20270101,2
507446,20270216,2
507446,20270311,2
507446,20270501,2
507446,20270624,2
507446,20270706,2
507446,20270815,2
507446,20261101,2
507446,20261102,2
507446,20261224,2
507446,20261225,2
507446,20261226,2
507447,20270406,1
507447,20270101,1
507447,20270216,1
507447,20270311,1
507447,20270501,1
507447,20270624,1
507447,20270706,1
507447,20270815,1
507447,20261101,1
507447,20261102,1
507447,20261224,1
507447,20261225,1
507447,20261226,1
507998,20270406,2
507998,20270101,2
507998,20270216,2
507998,20270311,2
507998,20270501,2
507998,20270624,2
507998,20270706,2
507998,20270815,2
507998,20261101,2
507998,20261102,2
507998,20261224,2
507998,20261225,2
507998,20261226,2
507999,20270406,1
507999,20270101,1
507999,20270216,1
507999,20270311,1
507999,20270501,1
507999,20270624,1
507999,20270706,1
507999,20270815,1
507999,20261101,1
507999,20261102,1
507999,20261224,1
507999,20261225,1
507999,20261226,1
507515,20270406,1
507515,20270101,1
507515,20270216,1
507515,20270311,1
507515,20270501,1
507515,20270624,1
507515,20270706,1
507515,20270815,1
507515,20261101,1
507515,20261102,1
507515,20261224,1
507515,20261225,1
507515,20261226,1
507514,20270406,2
507514,20270101,2
507514,20270216,2
507514,20270311,2
507514,20270501,2
507514,20270624,2
507514,20270706,2
507514,20270815,2
507514,20261101,2
507514,20261102,2
507514,20261224,2
507514,20261225,2
507514,20261226,2
507818,20270406,2
507818,20270101,2
507818,20270216,2
507818,20270311,2
507818,20270501,2
507818,20270624,2
507818,20270706,2
507818,20270815,2
507818,20261101,2
507818,20261102,2
507818,20261224,2
507818,20261225,2
507818,20261226,2
507819,20270406,1
507819,20270101,1
507819,20270216,1
507819,20270311,1
507819,20270501,1
507819,20270624,1
507819,20270706,1
507819,20270815,1
507819,20261101,1
507819,20261102,1
507819,20261224,1
507819,20261225,1
507819,20261226,1
507820,20270406,2
507820,20270101,2
507820,20270216,2
507820,20270311,2
507820,20270501,2
507820,20270624,2
507820,20270706,2
507820,20270815,2
507820,20261101,2
507820,20261102,2
507820,20261224,2
507820,20261225,2
507820,20261226,2
507821,20270406,1
507821,20270101,1
507821,20270216,1
507821,20270311,1
507821,20270501,1
507821,20270624,1
507821,20270706,1
507821,20270815,1
507821,20261101,1
507821,20261102,1
507821,20261224,1
507821,20261225,1
507821,20261226,1
507448,20270406,2
507448,20270101,2
507448,20270216,2
507448,20270311,2
507448,20270501,2
507448,20270624,2
507448,20270706,2
507448,20270815,2
507448,20261101,2
507448,20261102,2
507448,20261224,2
507448,20261225,2
507448,20261226,2
507449,20270406,1
507449,20270101,1
507449,20270216,1
507449,20270311,1
507449,20270501,1
507449,20270624,1
507449,20270706,1
507449,20270815,1
507449,20261101,1
507449,20261102,1
507449,20261224,1
507449,20261225,1
507449,20261226,1
507822,20270406,2
507822,20270101,2
507822,20270216,2
507822,20270311,2
507822,20270501,2
507822,20270624,2
507822,20270706,2
507822,20270815,2
507822,20261101,2
507822,20261102,2
507822,20261224,2
507822,20261225,2
507822,20261226,2
507823,20270406,1
507823,20270101,1
507823,20270216,1
507823,20270311,1
507823,20270501,1
507823,20270624,1
507823,20270706,1
507823,20270815,1
507823,20261101,1
507823,20261102,1
507823,20261224,1
507823,20261225,1
507823,20261226,1
476335,20261101,2
476335,20261102,2
507450,20270406,2
507450,20270101,2
507450,20270216,2
507450,20270311,2
507450,20270501,2
507450,20270624,2
507450,20270706,2
507450,20270815,2
507450,20261101,2
507450,20261102,2
507450,20261224,2
507450,20261225,2
507450,20261226,2
507451,20270406,1
507451,20270101,1
507451,20270216,1
507451,20270311,1
507451,20270501,1
507451,20270624,1
507451,20270706,1
507451,20270815,1
507451,20261101,1
507451,20261102,1
507451,20261224,1
507451,20261225,1
507451,20261226,1
507824,20270406,2
507824,20270101,2
507824,20270216,2
507824,20270311,2
507824,20270501,2
507824,20270624,2
507824,20270706,2
507824,20270815,2
507824,20261101,2
507824,20261102,2
507824,20261224,2
507824,20261225,2
507824,20261226,2
507825,20270406,1
507825,20270101,1
507825,20270216,1
507825,20270311,1
507825,20270501,1
507825,20270624,1
507825,20270706,1
507825,20270815,1
507825,20261101,1
507825,20261102,1
507825,20261224,1
507825,20261225,1
507825,20261226,1
507882,20270406,2
507882,20270101,2
507882,20270216,2
507882,20270311,2
507882,20270501,2
507882,20270624,2
507882,20270706,2
507882,20270815,2
507882,20261101,2
507882,20261102,2
507882,20261224,2
507882,20261225,2
507882,20261226,2
507883,20270406,1
507883,20270101,1
507883,20270216,1
507883,20270311,1
507883,20270501,1
507883,20270624,1
507883,20270706,1
507883,20270815,1
507883,20261101,1
507883,20261102,1
507883,20261224,1
507883,20261225,1
507883,20261226,1
507826,20270406,2
507826,20270101,2
507826,20270216,2
507826,20270311,2
507826,20270501,2
507826,20270624,2
507826,20270706,2
507826,20270815,2
507826,20261101,2
507826,20261102,2
507826,20261224,2
507826,20261225,2
507826,20261226,2
507827,20270406,1
507827,20270101,1
507827,20270216,1
507827,20270311,1
507827,20270501,1
507827,20270624,1
507827,20270706,1
507827,20270815,1
507827,20261101,1
507827,20261102,1
507827,20261224,1
507827,20261225,1
507827,20261226,1
507516,20270406,2
507516,20270101,2
507516,20270216,2
507516,20270311,2
507516,20270501,2
507516,20270624,2
507516,20270706,2
507516,20270815,2
507516,20261101,2
507516,20261102,2
507516,20261224,2
507516,20261225,2
507516,20261226,2
507517,20270406,1
507517,20270101,1
507517,20270216,1
507517,20270311,1
507517,20270501,1
507517,20270624,1
507517,20270706,1
507517,20270815,1
507517,20261101,1
507517,20261102,1
507517,20261224,1
507517,20261225,1
507517,20261226,1
507828,20270406,2
507828,20270101,2
507828,20270216,2
507828,20270311,2
507828,20270501,2
507828,20270624,2
507828,20270706,2
507828,20270815,2
507828,20261101,2
507828,20261102,2
507828,20261224,2
507828,20261225,2
507828,20261226,2
507829,20270406,1
507829,20270101,1
507829,20270216,1
507829,20270311,1
507829,20270501,1
507829,20270624,1
507829,20270706,1
507829,20270815,1
507829,20261101,1
507829,20261102,1
507829,20261224,1
507829,20261225,1
507829,20261226,1
507830,20270406,2
507830,20270101,2
507830,20270216,2
507830,20270311,2
507830,20270501,2
507830,20270624,2
507830,20270706,2
507830,20270815,2
507830,20261101,2
507830,20261102,2
507830,20261224,2
507830,20261225,2
507830,20261226,2
507831,20270406,1
507831,20270101,1
507831,20270216,1
507831,20270311,1
507831,20270501,1
507831,20270624,1
507831,20270706,1
507831,20270815,1
507831,20261101,1
507831,20261102,1
507831,20261224,1
507831,20261225,1
507831,20261226,1
507832,20270406,2
507832,20270101,2
507832,20270216,2
507832,20270311,2
507832,20270501,2
507832,20270624,2
507832,20270706,2
507832,20270815,2
507832,20261101,2
507832,20261102,2
507832,20261224,2
507832,20261225,2
507832,20261226,2
507833,20270406,1
507833,20270101,1
507833,20270216,1
507833,20270311,1
507833,20270501,1
507833,20270624,1
507833,20270706,1
507833,20270815,1
507833,20261101,1
507833,20261102,1
507833,20261224,1
507833,20261225,1
507833,20261226,1
507876,20270406,2
507876,20270101,2
507876,20270216,2
507876,20270311,2
507876,20270501,2
507876,20270624,2
507876,20270706,2
507876,20270815,2
507876,20261101,2
507876,20261102,2
507876,20261224,2
507876,20261225,2
507876,20261226,2
507877,20270406,1
507877,20270101,1
507877,20270216,1
507877,20270311,1
507877,20270501,1
507877,20270624,1
507877,20270706,1
507877,20270815,1
507877,20261101,1
507877,20261102,1
507877,20261224,1
507877,20261225,1
507877,20261226,1
507834,20270406,2
507834,20270101,2
507834,20270216,2
507834,20270311,2
507834,20270501,2
507834,20270624,2
507834,20270706,2
507834,20270815,2
507834,20261101,2
507834,20261102,2
507834,20261224,2
507834,20261225,2
507834,20261226,2
507835,20270406,1
507835,20270101,1
507835,20270216,1
507835,20270311,1
507835,20270501,1
507835,20270624,1
507835,20270706,1
507835,20270815,1
507835,20261101,1
507835,20261102,1
507835,20261224,1
507835,20261225,1
507835,20261226,1
507452,20270406,2
507452,20270101,2
507452,20270216,2
507452,20270311,2
507452,20270501,2
507452,20270624,2
507452,20270706,2
507452,20270815,2
507452,20261101,2
507452,20261102,2
507452,20261224,2
507452,20261225,2
507452,20261226,2
507453,20270406,1
507453,20270101,1
507453,20270216,1
507453,20270311,1
507453,20270501,1
507453,20270624,1
507453,20270706,1
507453,20270815,1
507453,20261101,1
507453,20261102,1
507453,20261224,1
507453,20261225,1
507453,20261226,1
507836,20270406,2
507836,20270101,2
507836,20270216,2
507836,20270311,2
507836,20270501,2
507836,20270624,2
507836,20270706,2
507836,20270815,2
507836,20261101,2
507836,20261102,2
507836,20261224,2
507836,20261225,2
507836,20261226,2
507837,20270406,1
507837,20270101,1
507837,20270216,1
507837,20270311,1
507837,20270501,1
507837,20270624,1
507837,20270706,1
507837,20270815,1
507837,20261101,1
507837,20261102,1
507837,20261224,1
507837,20261225,1
507837,20261226,1
507838,20270406,2
507838,20270101,2
507838,20270216,2
507838,20270311,2
507838,20270501,2
507838,20270624,2
507838,20270706,2
507838,20270815,2
507838,20261101,2
507838,20261102,2
507838,20261224,2
507838,20261225,2
507838,20261226,2
507839,20270406,1
507839,20270101,1
507839,20270216,1
507839,20270311,1
507839,20270501,1
507839,20270624,1
507839,20270706,1
507839,20270815,1
507839,20261101,1
507839,20261102,1
507839,20261224,1
507839,20261225,1
507839,20261226,1
507454,20270406,2
507454,20270101,2
507454,20270216,2
507454,20270311,2
507454,20270501,2
507454,20270624,2
507454,20270706,2
507454,20270815,2
507454,20261101,2
507454,20261102,2
507454,20261224,2
507454,20261225,2
507454,20261226,2
507455,20270406,1
507455,20270101,1
507455,20270216,1
507455,20270311,1
507455,20270501,1
507455,20270624,1
507455,20270706,1
507455,20270815,1
507455,20261101,1
507455,20261102,1
507455,20261224,1
507455,20261225,1
507455,20261226,1
507841,20270406,1
507841,20270101,1
507841,20270216,1
507841,20270311,1
507841,20270501,1
507841,20270624,1
507841,20270706,1
507841,20270815,1
507841,20261101,1
507841,20261102,1
507841,20261224,1
507841,20261225,1
507841,20261226,1
507840,20270406,2
507840,20270101,2
507840,20270216,2
507840,20270311,2
507840,20270501,2
507840,20270624,2
507840,20270706,2
507840,20270815,2
507840,20261101,2
507840,20261102,2
507840,20261224,2
507840,20261225,2
507840,20261226,2
508540,20270406,2
508540,20270101,2
508540,20270216,2
508540,20270311,2
508540,20270501,2
508540,20270624,2
508540,20270706,2
508540,20270815,2
508540,20261101,2
508540,20261102,2
508540,20261224,2
508540,20261225,2
508540,20261226,2
508541,20270406,1
508541,20270101,1
508541,20270216,1
508541,20270311,1
508541,20270501,1
508541,20270624,1
508541,20270706,1
508541,20270815,1
508541,20261101,1
508541,20261102,1
508541,20261224,1
508541,20261225,1
508541,20261226,1
507842,20270406,2
507842,20270101,2
507842,20270216,2
507842,20270311,2
507842,20270501,2
507842,20270624,2
507842,20270706,2
507842,20270815,2
507842,20261101,2
507842,20261102,2
507842,20261224,2
507842,20261225,2
507842,20261226,2
507843,20270406,1
507843,20270101,1
507843,20270216,1
507843,20270311,1
507843,20270501,1
507843,20270624,1
507843,20270706,1
507843,20270815,1
507843,20261101,1
507843,20261102,1
507843,20261224,1
507843,20261225,1
507843,20261226,1
507844,20270406,2
507844,20270101,2
507844,20270216,2
507844,20270311,2
507844,20270501,2
507844,20270624,2
507844,20270706,2
507844,20270815,2
507844,20261101,2
507844,20261102,2
507844,20261224,2
507844,20261225,2
507844,20261226,2
507845,20270406,1
507845,20270101,1
507845,20270216,1
507845,20270311,1
507845,20270501,1
507845,20270624,1
507845,20270706,1
507845,20270815,1
507845,20261101,1
507845,20261102,1
507845,20261224,1
507845,20261225,1
507845,20261226,1
508422,20270406,2
508422,20270101,2
508422,20270216,2
508422,20270311,2
508422,20270501,2
508422,20270624,2
508422,20270706,2
508422,20270815,2
508422,20261101,2
508422,20261102,2
508422,20261224,2
508422,20261225,2
508422,20261226,2
507879,20270406,1
507879,20270101,1
507879,20270216,1
507879,20270311,1
507879,20270501,1
507879,20270624,1
507879,20270706,1
507879,20270815,1
507879,20261101,1
507879,20261102,1
507879,20261224,1
507879,20261225,1
507879,20261226,1
507846,20270406,2
507846,20270101,2
507846,20270216,2
507846,20270311,2
507846,20270501,2
507846,20270624,2
507846,20270706,2
507846,20270815,2
507846,20261101,2
507846,20261102,2
507846,20261224,2
507846,20261225,2
507846,20261226,2
507847,20270406,1
507847,20270101,1
507847,20270216,1
507847,20270311,1
507847,20270501,1
507847,20270624,1
507847,20270706,1
507847,20270815,1
507847,20261101,1
507847,20261102,1
507847,20261224,1
507847,20261225,1
507847,20261226,1
507456,20270406,2
507456,20270101,2
507456,20270216,2
507456,20270311,2
507456,20270501,2
507456,20270624,2
507456,20270706,2
507456,20270815,2
507456,20261101,2
507456,20261102,2
507456,20261224,2
507456,20261225,2
507456,20261226,2
507457,20270406,1
507457,20270101,1
507457,20270216,1
507457,20270311,1
507457,20270501,1
507457,20270624,1
507457,20270706,1
507457,20270815,1
507457,20261101,1
507457,20261102,1
507457,20261224,1
507457,20261225,1
507457,20261226,1
508896,20270406,2
508896,20270101,2
508896,20270216,2
508896,20270311,2
508896,20270501,2
508896,20270624,2
508896,20270706,2
508896,20270815,2
508896,20261101,2
508896,20261102,2
508896,20261224,2
508896,20261225,2
508896,20261226,2
507519,20270406,1
507519,20270101,1
507519,20270216,1
507519,20270311,1
507519,20270501,1
507519,20270624,1
507519,20270706,1
507519,20270815,1
507519,20261101,1
507519,20261102,1
507519,20261224,1
507519,20261225,1
507519,20261226,1
507848,20270406,2
507848,20270101,2
507848,20270216,2
507848,20270311,2
507848,20270501,2
507848,20270624,2
507848,20270706,2
507848,20270815,2
507848,20261101,2
507848,20261102,2
507848,20261224,2
507848,20261225,2
507848,20261226,2
507849,20270406,1
507849,20270101,1
507849,20270216,1
507849,20270311,1
507849,20270501,1
507849,20270624,1
507849,20270706,1
507849,20270815,1
507849,20261101,1
507849,20261102,1
507849,20261224,1
507849,20261225,1
507849,20261226,1
507520,20270406,2
507520,20270101,2
507520,20270216,2
507520,20270311,2
507520,20270501,2
507520,20270624,2
507520,20270706,2
507520,20270815,2
507520,20261101,2
507520,20261102,2
507520,20261224,2
507520,20261225,2
507520,20261226,2
507521,20270406,1
507521,20270101,1
507521,20270216,1
507521,20270311,1
507521,20270501,1
507521,20270624,1
507521,20270706,1
507521,20270815,1
507521,20261101,1
507521,20261102,1
507521,20261224,1
507521,20261225,1
507521,20261226,1
507458,20270406,2
507458,20270101,2
507458,20270216,2
507458,20270311,2
507458,20270501,2
507458,20270624,2
507458,20270706,2
507458,20270815,2
507458,20261101,2
507458,20261102,2
507458,20261224,2
507458,20261225,2
507458,20261226,2
507459,20270406,1
507459,20270101,1
507459,20270216,1
507459,20270311,1
507459,20270501,1
507459,20270624,1
507459,20270706,1
507459,20270815,1
507459,20261101,1
507459,20261102,1
507459,20261224,1
507459,20261225,1
507459,20261226,1
507850,20270406,2
507850,20270101,2
507850,20270216,2
507850,20270311,2
507850,20270501,2
507850,20270624,2
507850,20270706,2
507850,20270815,2
507850,20261101,2
507850,20261102,2
507850,20261224,2
507850,20261225,2
507850,20261226,2
507851,20270406,1
507851,20270101,1
507851,20270216,1
507851,20270311,1
507851,20270501,1
507851,20270624,1
507851,20270706,1
507851,20270815,1
507851,20261101,1
507851,20261102,1
507851,20261224,1
507851,20261225,1
507851,20261226,1
507460,20270406,2
507460,20270101,2
507460,20270216,2
507460,20270311,2
507460,20270501,2
507460,20270624,2
507460,20270706,2
507460,20270815,2
507460,20261101,2
507460,20261102,2
507460,20261224,2
507460,20261225,2
507460,20261226,2
507461,20270406,1
507461,20270101,1
507461,20270216,1
507461,20270311,1
507461,20270501,1
507461,20270624,1
507461,20270706,1
507461,20270815,1
507461,20261101,1
507461,20261102,1
507461,20261224,1
507461,20261225,1
507461,20261226,1
507853,20270406,1
507853,20270101,1
507853,20270216,1
507853,20270311,1
507853,20270501,1
507853,20270624,1
507853,20270706,1
507853,20270815,1
507853,20261101,1
507853,20261102,1
507853,20261224,1
507853,20261225,1
507853,20261226,1
507852,20270406,2
507852,20270101,2
507852,20270216,2
507852,20270311,2
507852,20270501,2
507852,20270624,2
507852,20270706,2
507852,20270815,2
507852,20261101,2
507852,20261102,2
507852,20261224,2
507852,20261225,2
507852,20261226,2
507872,20270406,2
507872,20270101,2
507872,20270216,2
507872,20270311,2
507872,20270501,2
507872,20270624,2
507872,20270706,2
507872,20270815,2
507872,20261101,2
507872,20261102,2
507872,20261224,2
507872,20261225,2
507872,20261226,2
507522,20270406,2
507522,20270101,2
507522,20270216,2
507522,20270311,2
507522,20270501,2
507522,20270624,2
507522,20270706,2
507522,20270815,2
507522,20261101,2
507522,20261102,2
507522,20261224,2
507522,20261225,2
507522,20261226,2
507523,20270406,1
507523,20270101,1
507523,20270216,1
507523,20270311,1
507523,20270501,1
507523,20270624,1
507523,20270706,1
507523,20270815,1
507523,20261101,1
507523,20261102,1
507523,20261224,1
507523,20261225,1
507523,20261226,1
507462,20270406,2
507462,20270101,2
507462,20270216,2
507462,20270311,2
507462,20270501,2
507462,20270624,2
507462,20270706,2
507462,20270815,2
507462,20261101,2
507462,20261102,2
507462,20261224,2
507462,20261225,2
507462,20261226,2
507463,20270406,1
507463,20270101,1
507463,20270216,1
507463,20270311,1
507463,20270501,1
507463,20270624,1
507463,20270706,1
507463,20270815,1
507463,20261101,1
507463,20261102,1
507463,20261224,1
507463,20261225,1
507463,20261226,1
507464,20270406,2
507464,20270101,2
507464,20270216,2
507464,20270311,2
507464,20270501,2
507464,20270624,2
507464,20270706,2
507464,20270815,2
507464,20261101,2
507464,20261102,2
507464,20261224,2
507464,20261225,2
507464,20261226,2
507465,20270406,1
507465,20270101,1
507465,20270216,1
507465,20270311,1
507465,20270501,1
507465,20270624,1
507465,20270706,1
507465,20270815,1
507465,20261101,1
507465,20261102,1
507465,20261224,1
507465,20261225,1
507465,20261226,1
507854,20270406,2
507854,20270101,2
507854,20270216,2
507854,20270311,2
507854,20270501,2
507854,20270624,2
507854,20270706,2
507854,20270815,2
507854,20261101,2
507854,20261102,2
507854,20261224,2
507854,20261225,2
507854,20261226,2
507855,20270406,1
507855,20270101,1
507855,20270216,1
507855,20270311,1
507855,20270501,1
507855,20270624,1
507855,20270706,1
507855,20270815,1
507855,20261101,1
507855,20261102,1
507855,20261224,1
507855,20261225,1
507855,20261226,1
507466,20270406,2
507466,20270101,2
507466,20270216,2
507466,20270311,2
507466,20270501,2
507466,20270624,2
507466,20270706,2
507466,20270815,2
507466,20261101,2
507466,20261102,2
507466,20261224,2
507466,20261225,2
507466,20261226,2
507857,20270406,1
507857,20270101,1
507857,20270216,1
507857,20270311,1
507857,20270501,1
507857,20270624,1
507857,20270706,1
507857,20270815,1
507857,20261101,1
507857,20261102,1
507857,20261224,1
507857,20261225,1
507857,20261226,1
507856,20270406,2
507856,20270101,2
507856,20270216,2
507856,20270311,2
507856,20270501,2
507856,20270624,2
507856,20270706,2
507856,20270815,2
507856,20261101,2
507856,20261102,2
507856,20261224,2
507856,20261225,2
507856,20261226,2
507859,20270406,1
507859,20270101,1
507859,20270216,1
507859,20270311,1
507859,20270501,1
507859,20270624,1
507859,20270706,1
507859,20270815,1
507859,20261101,1
507859,20261102,1
507859,20261224,1
507859,20261225,1
507859,20261226,1
507858,20270406,2
507858,20270101,2
507858,20270216,2
507858,20270311,2
507858,20270501,2
507858,20270624,2
507858,20270706,2
507858,20270815,2
507858,20261101,2
507858,20261102,2
507858,20261224,2
507858,20261225,2
507858,20261226,2
507524,20270406,2
507524,20270101,2
507524,20270216,2
507524,20270311,2
507524,20270501,2
507524,20270624,2
507524,20270706,2
507524,20270815,2
507524,20261101,2
507524,20261102,2
507524,20261224,2
507524,20261225,2
507524,20261226,2
507525,20270406,1
507525,20270101,1
507525,20270216,1
507525,20270311,1
507525,20270501,1
507525,20270624,1
507525,20270706,1
507525,20270815,1
507525,20261101,1
507525,20261102,1
507525,20261224,1
507525,20261225,1
507525,20261226,1
507861,20270406,1
507861,20270101,1
507861,20270216,1
507861,20270311,1
507861,20270501,1
507861,20270624,1
507861,20270706,1
507861,20270815,1
507861,20261101,1
507861,20261102,1
507861,20261224,1
507861,20261225,1
507861,20261226,1
507860,20270406,2
507860,20270101,2
507860,20270216,2
507860,20270311,2
507860,20270501,2
507860,20270624,2
507860,20270706,2
507860,20270815,2
507860,20261101,2
507860,20261102,2
507860,20261224,2
507860,20261225,2
507860,20261226,2
508542,20270406,2
508542,20270101,2
508542,20270216,2
508542,20270311,2
508542,20270501,2
508542,20270624,2
508542,20270706,2
508542,20270815,2
508542,20261101,2
508542,20261102,2
508542,20261224,2
508542,20261225,2
508542,20261226,2
508543,20270406,1
508543,20270101,1
508543,20270216,1
508543,20270311,1
508543,20270501,1
508543,20270624,1
508543,20270706,1
508543,20270815,1
508543,20261101,1
508543,20261102,1
508543,20261224,1
508543,20261225,1
508543,20261226,1
508544,20270406,2
508544,20270101,2
508544,20270216,2
508544,20270311,2
508544,20270501,2
508544,20270624,2
508544,20270706,2
508544,20270815,2
508544,20261101,2
508544,20261102,2
508544,20261224,2
508544,20261225,2
508544,20261226,2
507862,20270406,2
507862,20270101,2
507862,20270216,2
507862,20270311,2
507862,20270501,2
507862,20270624,2
507862,20270706,2
507862,20270815,2
507862,20261101,2
507862,20261102,2
507862,20261224,2
507862,20261225,2
507862,20261226,2
507863,20270406,1
507863,20270101,1
507863,20270216,1
507863,20270311,1
507863,20270501,1
507863,20270624,1
507863,20270706,1
507863,20270815,1
507863,20261101,1
507863,20261102,1
507863,20261224,1
507863,20261225,1
507863,20261226,1
507529,20270406,2
507529,20270101,2
507529,20270216,2
507529,20270311,2
507529,20270501,2
507529,20270624,2
507529,20270706,2
507529,20270815,2
507529,20261101,2
507529,20261102,2
507529,20261224,2
507529,20261225,2
507529,20261226,2
507530,20270406,1
507530,20270101,1
507530,20270216,1
507530,20270311,1
507530,20270501,1
507530,20270624,1
507530,20270706,1
507530,20270815,1
507530,20261101,1
507530,20261102,1
507530,20261224,1
507530,20261225,1
507530,20261226,1
507864,20270406,2
507864,20270101,2
507864,20270216,2
507864,20270311,2
507864,20270501,2
507864,20270624,2
507864,20270706,2
507864,20270815,2
507864,20261101,2
507864,20261102,2
507864,20261224,2
507864,20261225,2
507864,20261226,2
507865,20270406,1
507865,20270101,1
507865,20270216,1
507865,20270311,1
507865,20270501,1
507865,20270624,1
507865,20270706,1
507865,20270815,1
507865,20261101,1
507865,20261102,1
507865,20261224,1
507865,20261225,1
507865,20261226,1
507866,20270406,2
507866,20270101,2
507866,20270216,2
507866,20270311,2
507866,20270501,2
507866,20270624,2
507866,20270706,2
507866,20270815,2
507866,20261101,2
507866,20261102,2
507866,20261224,2
507866,20261225,2
507866,20261226,2
507867,20270406,1
507867,20270101,1
507867,20270216,1
507867,20270311,1
507867,20270501,1
507867,20270624,1
507867,20270706,1
507867,20270815,1
507867,20261101,1
507867,20261102,1
507867,20261224,1
507867,20261225,1
507867,20261226,1
507868,20270406,2
507868,20270101,2
507868,20270216,2
507868,20270311,2
507868,20270501,2
507868,20270624,2
507868,20270706,2
507868,20270815,2
507868,20261101,2
507868,20261102,2
507868,20261224,2
507868,20261225,2
507868,20261226,2
507869,20270406,1
507869,20270101,1
507869,20270216,1
507869,20270311,1
507869,20270501,1
507869,20270624,1
507869,20270706,1
507869,20270815,1
507869,20261101,1
507869,20261102,1
507869,20261224,1
507869,20261225,1
507869,20261226,1
507870,20270406,2
507870,20270101,2
507870,20270216,2
507870,20270311,2
507870,20270501,2
507870,20270624,2
507870,20270706,2
507870,20270815,2
507870,20261101,2
507870,20261102,2
507870,20261224,2
507870,20261225,2
507870,20261226,2
507871,20270406,1
507871,20270101,1
507871,20270216,1
507871,20270311,1
507871,20270501,1
507871,20270624,1
507871,20270706,1
507871,20270815,1
507871,20261101,1
507871,20261102,1
507871,20261224,1
507871,20261225,1
507871,20261226,1
507467,20270406,2
507467,20270101,2
507467,20270216,2
507467,20270311,2
507467,20270501,2
507467,20270624,2
507467,20270706,2
507467,20270815,2
507467,20261101,2
507467,20261102,2
507467,20261224,2
507467,20261225,2
507467,20261226,2
507468,20270406,1
507468,20270101,1
507468,20270216,1
507468,20270311,1
507468,20270501,1
507468,20270624,1
507468,20270706,1
507468,20270815,1
507468,20261101,1
507468,20261102,1
507468,20261224,1
507468,20261225,1
507468,20261226,1
507873,20270406,1
507873,20270101,1
507873,20270216,1
507873,20270311,1
507873,20270501,1
507873,20270624,1
507873,20270706,1
507873,20270815,1
507873,20261101,1
507873,20261102,1
507873,20261224,1
507873,20261225,1
507873,20261226,1
507469,20270406,2
507469,20270101,2
507469,20270216,2
507469,20270311,2
507469,20270501,2
507469,20270624,2
507469,20270706,2
507469,20270815,2
507469,20261101,2
507469,20261102,2
507469,20261224,2
507469,20261225,2
507469,20261226,2
507470,20270406,1
507470,20270101,1
507470,20270216,1
507470,20270311,1
507470,20270501,1
507470,20270624,1
507470,20270706,1
507470,20270815,1
507470,20261101,1
507470,20261102,1
507470,20261224,1
507470,20261225,1
507470,20261226,1
507874,20270406,2
507874,20270101,2
507874,20270216,2
507874,20270311,2
507874,20270501,2
507874,20270624,2
507874,20270706,2
507874,20270815,2
507874,20261101,2
507874,20261102,2
507874,20261224,2
507874,20261225,2
507874,20261226,2
507875,20270406,1
507875,20270101,1
507875,20270216,1
507875,20270311,1
507875,20270501,1
507875,20270624,1
507875,20270706,1
507875,20270815,1
507875,20261101,1
507875,20261102,1
507875,20261224,1
507875,20261225,1
507875,20261226,1
508003,20270406,2
508003,20270101,2
508003,20270216,2
508003,20270311,2
508003,20270501,2
508003,20270624,2
508003,20270706,2
508003,20270815,2
508003,20261101,2
508003,20261102,2
508003,20261224,2
508003,20261225,2
508003,20261226,2
508004,20270406,1
508004,20270101,1
508004,20270216,1
508004,20270311,1
508004,20270501,1
508004,20270624,1
508004,20270706,1
508004,20270815,1
508004,20261101,1
508004,20261102,1
508004,20261224,1
508004,20261225,1
508004,20261226,1
507416,20270406,2
507416,20270101,2
507416,20270216,2
507416,20270311,2
507416,20270501,2
507416,20270624,2
507416,20270706,2
507416,20270815,2
507416,20261101,2
507416,20261102,2
507416,20261224,2
507416,20261225,2
507416,20261226,2
507417,20270406,1
507417,20270101,1
507417,20270216,1
507417,20270311,1
507417,20270501,1
507417,20270624,1
507417,20270706,1
507417,20270815,1
507417,20261101,1
507417,20261102,1
507417,20261224,1
507417,20261225,1
507417,20261226,1
508669,20270406,1
508669,20270101,1
508669,20270216,1
508669,20270311,1
508669,20270501,1
508669,20270624,1
508669,20270706,1
508669,20270815,1
508669,20261101,1
508669,20261102,1
508669,20261224,1
508669,20261225,1
508669,20261226,1
507418,20270406,2
507418,20270101,2
507418,20270216,2
507418,20270311,2
507418,20270501,2
507418,20270624,2
507418,20270706,2
507418,20270815,2
507418,20261101,2
507418,20261102,2
507418,20261224,2
507418,20261225,2
507418,20261226,2
507420,20270406,2
507420,20270101,2
507420,20270216,2
507420,20270311,2
507420,20270501,2
507420,20270624,2
507420,20270706,2
507420,20270815,2
507420,20261101,2
507420,20261102,2
507420,20261224,2
507420,20261225,2
507420,20261226,2
507421,20270406,1
507421,20270101,1
507421,20270216,1
507421,20270311,1
507421,20270501,1
507421,20270624,1
507421,20270706,1
507421,20270815,1
507421,20261101,1
507421,20261102,1
507421,20261224,1
507421,20261225,1
507421,20261226,1
507422,20270406,2
507422,20270101,2
507422,20270216,2
507422,20270311,2
507422,20270501,2
507422,20270624,2
507422,20270706,2
507422,20270815,2
507422,20261101,2
507422,20261102,2
507422,20261224,2
507422,20261225,2
507422,20261226,2
507423,20270406,1
507423,20270101,1
507423,20270216,1
507423,20270311,1
507423,20270501,1
507423,20270624,1
507423,20270706,1
507423,20270815,1
507423,20261101,1
507423,20261102,1
507423,20261224,1
507423,20261225,1
507423,20261226,1
507424,20270406,2
507424,20270101,2
507424,20270216,2
507424,20270311,2
507424,20270501,2
507424,20270624,2
507424,20270706,2
507424,20270815,2
507424,20261101,2
507424,20261102,2
507424,20261224,2
507424,20261225,2
507424,20261226,2
507425,20270406,1
507425,20270101,1
507425,20270216,1
507425,20270311,1
507425,20270501,1
507425,20270624,1
507425,20270706,1
507425,20270815,1
507425,20261101,1
507425,20261102,1
507425,20261224,1
507425,20261225,1
507425,20261226,1
507426,20270406,2
507426,20270101,2
507426,20270216,2
507426,20270311,2
507426,20270501,2
507426,20270624,2
507426,20270706,2
507426,20270815,2
507426,20261101,2
507426,20261102,2
507426,20261224,2
507426,20261225,2
507426,20261226,2
507427,20270406,1
507427,20270101,1
507427,20270216,1
507427,20270311,1
507427,20270501,1
507427,20270624,1
507427,20270706,1
507427,20270815,1
507427,20261101,1
507427,20261102,1
507427,20261224,1
507427,20261225,1
507427,20261226,1
507428,20270406,2
507428,20270101,2
507428,20270216,2
507428,20270311,2
507428,20270501,2
507428,20270624,2
507428,20270706,2
507428,20270815,2
507428,20261101,2
507428,20261102,2
507428,20261224,2
507428,20261225,2
507428,20261226,2
507429,20270406,1
507429,20270101,1
507429,20270216,1
507429,20270311,1
507429,20270501,1
507429,20270624,1
507429,20270706,1
507429,20270815,1
507429,20261101,1
507429,20261102,1
507429,20261224,1
507429,20261225,1
507429,20261226,1
507430,20270406,2
507430,20270101,2
507430,20270216,2
507430,20270311,2
507430,20270501,2
507430,20270624,2
507430,20270706,2
507430,20270815,2
507430,20261101,2
507430,20261102,2
507430,20261224,2
507430,20261225,2
507430,20261226,2
507431,20270406,1
507431,20270101,1
507431,20270216,1
507431,20270311,1
507431,20270501,1
507431,20270624,1
507431,20270706,1
507431,20270815,1
507431,20261101,1
507431,20261102,1
507431,20261224,1
507431,20261225,1
507431,20261226,1
507531,20270406,2
507531,20270101,2
507531,20270216,2
507531,20270311,2
507531,20270501,2
507531,20270624,2
507531,20270706,2
507531,20270815,2
507531,20261101,2
507531,20261102,2
507531,20261224,2
507531,20261225,2
507531,20261226,2
507532,20270406,1
507532,20270101,1
507532,20270216,1
507532,20270311,1
507532,20270501,1
507532,20270624,1
507532,20270706,1
507532,20270815,1
507532,20261101,1
507532,20261102,1
507532,20261224,1
507532,20261225,1
507532,20261226,1
508410,20270406,2
508410,20270101,2
508410,20270216,2
508410,20270311,2
508410,20270501,2
508410,20270624,2
508410,20270706,2
508410,20270815,2
508410,20261101,2
508410,20261102,2
508410,20261224,2
508410,20261225,2
508410,20261226,2
508411,20270406,1
508411,20270101,1
508411,20270216,1
508411,20270311,1
508411,20270501,1
508411,20270624,1
508411,20270706,1
508411,20270815,1
508411,20261101,1
508411,20261102,1
508411,20261224,1
508411,20261225,1
508411,20261226,1
508399,20270406,1
508399,20270101,1
508399,20270216,1
508399,20270311,1
508399,20270501,1
508399,20270624,1
508399,20270706,1
508399,20270815,1
508399,20261101,1
508399,20261102,1
508399,20261224,1
508399,20261225,1
508399,20261226,1
507535,20270406,2
507535,20270101,2
507535,20270216,2
507535,20270311,2
507535,20270501,2
507535,20270624,2
507535,20270706,2
507535,20270815,2
507535,20261101,2
507535,20261102,2
507535,20261224,2
507535,20261225,2
507535,20261226,2
508546,20270406,2
508546,20270101,2
508546,20270216,2
508546,20270311,2
508546,20270501,2
508546,20270624,2
508546,20270706,2
508546,20270815,2
508546,20261101,2
508546,20261102,2
508546,20261224,2
508546,20261225,2
508546,20261226,2
507538,20270406,1
507538,20270101,1
507538,20270216,1
507538,20270311,1
507538,20270501,1
507538,20270624,1
507538,20270706,1
507538,20270815,1
507538,20261101,1
507538,20261102,1
507538,20261224,1
507538,20261225,1
507538,20261226,1
508548,20270406,2
508548,20270101,2
508548,20270216,2
508548,20270311,2
508548,20270501,2
508548,20270624,2
508548,20270706,2
508548,20270815,2
508548,20261101,2
508548,20261102,2
508548,20261224,2
508548,20261225,2
508548,20261226,2
508547,20270406,2
508547,20270101,2
508547,20270216,2
508547,20270311,2
508547,20270501,2
508547,20270624,2
508547,20270706,2
508547,20270815,2
508547,20261101,2
508547,20261102,2
508547,20261224,2
508547,20261225,2
508547,20261226,2
508380,20270406,1
508380,20270101,1
508380,20270216,1
508380,20270311,1
508380,20270501,1
508380,20270624,1
508380,20270706,1
508380,20270815,1
508380,20261101,1
508380,20261102,1
508380,20261224,1
508380,20261225,1
508380,20261226,1
508539,20270406,2
508539,20270101,2
508539,20270216,2
508539,20270311,2
508539,20270501,2
508539,20270624,2
508539,20270706,2
508539,20270815,2
508539,20261101,2
508539,20261102,2
508539,20261224,2
508539,20261225,2
508539,20261226,2
508381,20270406,1
508381,20270101,1
508381,20270216,1
508381,20270311,1
508381,20270501,1
508381,20270624,1
508381,20270706,1
508381,20270815,1
508381,20261101,1
508381,20261102,1
508381,20261224,1
508381,20261225,1
508381,20261226,1
508400,20270406,2
508400,20270101,2
508400,20270216,2
508400,20270311,2
508400,20270501,2
508400,20270624,2
508400,20270706,2
508400,20270815,2
508400,20261101,2
508400,20261102,2
508400,20261224,2
508400,20261225,2
508400,20261226,2
508401,20270406,1
508401,20270101,1
508401,20270216,1
508401,20270311,1
508401,20270501,1
508401,20270624,1
508401,20270706,1
508401,20270815,1
508401,20261101,1
508401,20261102,1
508401,20261224,1
508401,20261225,1
508401,20261226,1
507545,20270406,2
507545,20270101,2
507545,20270216,2
507545,20270311,2
507545,20270501,2
507545,20270624,2
507545,20270706,2
507545,20270815,2
507545,20261101,2
507545,20261102,2
507545,20261224,2
507545,20261225,2
507545,20261226,2
507546,20270406,1
507546,20270101,1
507546,20270216,1
507546,20270311,1
507546,20270501,1
507546,20270624,1
507546,20270706,1
507546,20270815,1
507546,20261101,1
507546,20261102,1
507546,20261224,1
507546,20261225,1
507546,20261226,1
508402,20270406,2
508402,20270101,2
508402,20270216,2
508402,20270311,2
508402,20270501,2
508402,20270624,2
508402,20270706,2
508402,20270815,2
508402,20261101,2
508402,20261102,2
508402,20261224,2
508402,20261225,2
508402,20261226,2
508403,20270406,1
508403,20270101,1
508403,20270216,1
508403,20270311,1
508403,20270501,1
508403,20270624,1
508403,20270706,1
508403,20270815,1
508403,20261101,1
508403,20261102,1
508403,20261224,1
508403,20261225,1
508403,20261226,1
507549,20270406,2
507549,20270101,2
507549,20270216,2
507549,20270311,2
507549,20270501,2
507549,20270624,2
507549,20270706,2
507549,20270815,2
507549,20261101,2
507549,20261102,2
507549,20261224,2
507549,20261225,2
507549,20261226,2
507550,20270406,2
507550,20270101,2
507550,20270216,2
507550,20270311,2
507550,20270501,2
507550,20270624,2
507550,20270706,2
507550,20270815,2
507550,20261101,2
507550,20261102,2
507550,20261224,2
507550,20261225,2
507550,20261226,2
507551,20270406,1
507551,20270101,1
507551,20270216,1
507551,20270311,1
507551,20270501,1
507551,20270624,1
507551,20270706,1
507551,20270815,1
507551,20261101,1
507551,20261102,1
507551,20261224,1
507551,20261225,1
507551,20261226,1
508404,20270406,2
508404,20270101,2
508404,20270216,2
508404,20270311,2
508404,20270501,2
508404,20270624,2
508404,20270706,2
508404,20270815,2
508404,20261101,2
508404,20261102,2
508404,20261224,2
508404,20261225,2
508404,20261226,2
508405,20270406,1
508405,20270101,1
508405,20270216,1
508405,20270311,1
508405,20270501,1
508405,20270624,1
508405,20270706,1
508405,20270815,1
508405,20261101,1
508405,20261102,1
508405,20261224,1
508405,20261225,1
508405,20261226,1
508382,20270406,1
508382,20270101,1
508382,20270216,1
508382,20270311,1
508382,20270501,1
508382,20270624,1
508382,20270706,1
508382,20270815,1
508382,20261101,1
508382,20261102,1
508382,20261224,1
508382,20261225,1
508382,20261226,1
508007,20270406,2
508007,20270101,2
508007,20270216,2
508007,20270311,2
508007,20270501,2
508007,20270624,2
508007,20270706,2
508007,20270815,2
508007,20261101,2
508007,20261102,2
508007,20261224,2
508007,20261225,2
508007,20261226,2
508008,20270406,1
508008,20270101,1
508008,20270216,1
508008,20270311,1
508008,20270501,1
508008,20270624,1
508008,20270706,1
508008,20270815,1
508008,20261101,1
508008,20261102,1
508008,20261224,1
508008,20261225,1
508008,20261226,1
508406,20270406,2
508406,20270101,2
508406,20270216,2
508406,20270311,2
508406,20270501,2
508406,20270624,2
508406,20270706,2
508406,20270815,2
508406,20261101,2
508406,20261102,2
508406,20261224,2
508406,20261225,2
508406,20261226,2
508407,20270406,1
508407,20270101,1
508407,20270216,1
508407,20270311,1
508407,20270501,1
508407,20270624,1
508407,20270706,1
508407,20270815,1
508407,20261101,1
508407,20261102,1
508407,20261224,1
508407,20261225,1
508407,20261226,1
508408,20270406,2
508408,20270101,2
508408,20270216,2
508408,20270311,2
508408,20270501,2
508408,20270624,2
508408,20270706,2
508408,20270815,2
508408,20261101,2
508408,20261102,2
508408,20261224,2
508408,20261225,2
508408,20261226,2