service_id,date,exception_type
501742,20260828,2
499009,20260828,2
504644,20260828,2
501740,20260828,2
501742,20260829,2
499010,20260829,2
504645,20260829,2
501741,20260829,2
507434,20270406,2
507434,20270101,2
507434,20270216,2
507434,20270311,2
507434,20270501,2
507434,20270624,2
507434,20270706,2
507434,20261101,2
507434,20261102,2
507434,20261224,2
507434,20261225,2
507434,20261226,2
507435,20270406,1
507435,20270101,1
507435,20270216,1
507435,20270311,1
507435,20270501,1
507435,20270624,1
507435,20270706,1
507435,20261101,1
507435,20261102,1
507435,20261224,1
507435,20261225,1
507435,20261226,1
505776,20270406,2
505776,20270101,2
505776,20270216,2
505776,20270311,2
505776,20270501,2
505776,20270624,2
505776,20270706,2
505776,20261101,2
505776,20261102,2
505776,20261224,2
505776,20261225,2
505776,20261226,2
505777,20270406,1
505777,20270101,1
505777,20270216,1
505777,20270311,1
505777,20270501,1
505777,20270624,1
505777,20270706,1
505777,20261101,1
505777,20261102,1
505777,20261224,1
505777,20261225,1
505777,20261226,1
501751,20270406,2
501751,20270101,2
501751,20270216,2
501751,20270311,2
501751,20270501,2
501751,20270624,2
501751,20270706,2
501751,20261101,2
501751,20261102,2
501751,20261224,2
501751,20261225,2
501751,20261226,2
501752,20270406,2
501752,20270101,2
501752,20270216,2
501752,20270311,2
501752,20270501,2
501752,20270624,2
501752,20270706,2
501752,20261101,2
501752,20261102,2
501752,20261224,2
501752,20261225,2
501752,20261226,2
498986,20270406,1
498986,20270101,1
498986,20270216,1
498986,20270311,1
498986,20270501,1
498986,20270624,1
498986,20270706,1
498986,20261101,1
498986,20261102,1
498986,20261224,1
498986,20261225,1
498986,20261226,1
499073,20270406,2
499073,20270101,2
499073,20270216,2
499073,20270311,2
499073,20270501,2
499073,20270624,2
499073,20270706,2
499073,20261101,2
499073,20261102,2
499073,20261224,2
499073,20261225,2
499073,20261226,2
499074,20270406,1
499074,20270101,1
499074,20270216,1
499074,20270311,1
499074,20270501,1
499074,20270624,1
499074,20270706,1
499074,20261101,1
499074,20261102,1
499074,20261224,1
499074,20261225,1
499074,20261226,1
499075,20270406,2
499075,20270101,2
499075,20270216,2
499075,20270311,2
499075,20270501,2
499075,20270624,2
499075,20270706,2
499075,20261101,2
499075,20261102,2
499075,20261224,2
499075,20261225,2
499075,20261226,2
498987,20270406,2
498987,20270101,2
498987,20270216,2
498987,20270311,2
498987,20270501,2
498987,20270624,2
498987,20270706,2
498987,20261101,2
498987,20261102,2
498987,20261224,2
498987,20261225,2
498987,20261226,2
498988,20270406,1
498988,20270101,1
498988,20270216,1
498988,20270311,1
498988,20270501,1
498988,20270624,1
498988,20270706,1
498988,20261101,1
498988,20261102,1
498988,20261224,1
498988,20261225,1
498988,20261226,1
499076,20270406,2
499076,20270101,2
499076,20270216,2
499076,20270311,2
499076,20270501,2
499076,20270624,2
499076,20270706,2
499076,20261101,2
499076,20261102,2
499076,20261224,2
499076,20261225,2
499076,20261226,2
499077,20270406,1
499077,20270101,1
499077,20270216,1
499077,20270311,1
499077,20270501,1
499077,20270624,1
499077,20270706,1
499077,20261101,1
499077,20261102,1
499077,20261224,1
499077,20261225,1
499077,20261226,1
504177,20270406,2
504177,20270101,2
504177,20270216,2
504177,20270311,2
504177,20270501,2
504177,20270624,2
504177,20270706,2
504177,20261101,2
504177,20261102,2
504177,20261224,2
504177,20261225,2
504177,20261226,2
504178,20270406,1
504178,20270101,1
504178,20270216,1
504178,20270311,1
504178,20270501,1
504178,20270624,1
504178,20270706,1
504178,20261101,1
504178,20261102,1
504178,20261224,1
504178,20261225,1
504178,20261226,1
498990,20270406,1
498990,20270101,1
498990,20270216,1
498990,20270311,1
498990,20270501,1
498990,20270624,1
498990,20270706,1
498990,20261101,1
498990,20261102,1
498990,20261224,1
498990,20261225,1
498990,20261226,1
507432,20270406,2
507432,20270101,2
507432,20270216,2
507432,20270311,2
507432,20270501,2
507432,20270624,2
507432,20270706,2
507432,20261101,2
507432,20261102,2
507432,20261224,2
507432,20261225,2
507432,20261226,2
507433,20270406,1
507433,20270101,1
507433,20270216,1
507433,20270311,1
507433,20270501,1
507433,20270624,1
507433,20270706,1
507433,20261101,1
507433,20261102,1
507433,20261224,1
507433,20261225,1
507433,20261226,1
498991,20270406,2
498991,20270101,2
498991,20270216,2
498991,20270311,2
498991,20270501,2
498991,20270624,2
498991,20270706,2
498991,20261101,2
498991,20261102,2
498991,20261224,2
498991,20261225,2
498991,20261226,2
498992,20270406,1
498992,20270101,1
498992,20270216,1
498992,20270311,1
498992,20270501,1
498992,20270624,1
498992,20270706,1
498992,20261101,1
498992,20261102,1
498992,20261224,1
498992,20261225,1
498992,20261226,1
500919,20270406,2
500919,20270101,2
500919,20270216,2
500919,20270311,2
500919,20270501,2
500919,20270624,2
500919,20270706,2
500919,20261101,2
500919,20261102,2
500919,20261224,2
500919,20261225,2
500919,20261226,2
500920,20270406,1
500920,20270101,1
500920,20270216,1
500920,20270311,1
500920,20270501,1
500920,20270624,1
500920,20270706,1
500920,20261101,1
500920,20261102,1
500920,20261224,1
500920,20261225,1
500920,20261226,1
499082,20270406,2
499082,20270101,2
499082,20270216,2
499082,20270311,2
499082,20270501,2
499082,20270624,2
499082,20270706,2
499082,20261101,2
499082,20261102,2
499082,20261224,2
499082,20261225,2
499082,20261226,2
499083,20270406,1
499083,20270101,1
499083,20270216,1
499083,20270311,1
499083,20270501,1
499083,20270624,1
499083,20270706,1
499083,20261101,1
499083,20261102,1
499083,20261224,1
499083,20261225,1
499083,20261226,1
507436,20270406,2
507436,20270101,2
507436,20270216,2
507436,20270311,2
507436,20270501,2
507436,20270624,2
507436,20270706,2
507436,20261101,2
507436,20261102,2
507436,20261224,2
507436,20261225,2
507436,20261226,2
507437,20270406,1
507437,20270101,1
507437,20270216,1
507437,20270311,1
507437,20270501,1
507437,20270624,1
507437,20270706,1
507437,20261101,1
507437,20261102,1
507437,20261224,1
507437,20261225,1
507437,20261226,1
498993,20270406,2
498993,20270101,2
498993,20270216,2
498993,20270311,2
498993,20270501,2
498993,20270624,2
498993,20270706,2
498993,20261101,2
498993,20261102,2
498993,20261224,2
498993,20261225,2
498993,20261226,2
498994,20270406,1
498994,20270101,1
498994,20270216,1
498994,20270311,1
498994,20270501,1
498994,20270624,1
498994,20270706,1
498994,20261101,1
498994,20261102,1
498994,20261224,1
498994,20261225,1
498994,20261226,1
498995,20270406,2
498995,20270101,2
498995,20270216,2
498995,20270311,2
498995,20270501,2
498995,20270624,2
498995,20270706,2
498995,20261101,2
498995,20261102,2
498995,20261224,2
498995,20261225,2
498995,20261226,2
498996,20270406,1
498996,20270101,1
498996,20270216,1
498996,20270311,1
498996,20270501,1
498996,20270624,1
498996,20270706,1
498996,20261101,1
498996,20261102,1
498996,20261224,1
498996,20261225,1
498996,20261226,1
505778,20270406,2
505778,20270101,2
505778,20270216,2
505778,20270311,2
505778,20270501,2
505778,20270624,2
505778,20270706,2
505778,20261101,2
505778,20261102,2
505778,20261224,2
505778,20261225,2
505778,20261226,2
505779,20270406,1
505779,20270101,1
505779,20270216,1
505779,20270311,1
505779,20270501,1
505779,20270624,1
505779,20270706,1
505779,20261101,1
505779,20261102,1
505779,20261224,1
505779,20261225,1
505779,20261226,1
507438,20270406,2
507438,20270101,2
507438,20270216,2
507438,20270311,2
507438,20270501,2
507438,20270624,2
507438,20270706,2
507438,20261101,2
507438,20261102,2
507438,20261224,2
507438,20261225,2
507438,20261226,2
507439,20270406,1
507439,20270101,1
507439,20270216,1
507439,20270311,1
507439,20270501,1
507439,20270624,1
507439,20270706,1
507439,20261101,1
507439,20261102,1
507439,20261224,1
507439,20261225,1
507439,20261226,1
501753,20270406,2
501753,20270101,2
501753,20270216,2
501753,20270311,2
501753,20270501,2
501753,20270624,2
501753,20270706,2
501753,20261101,2
501753,20261102,2
501753,20261224,2
501753,20261225,2
501753,20261226,2
499000,20270406,1
499000,20270101,1
499000,20270216,1
499000,20270311,1
499000,20270501,1
499000,20270624,1
499000,20270706,1
499000,20261101,1
499000,20261102,1
499000,20261224,1
499000,20261225,1
499000,20261226,1
501754,20270406,2
501754,20270101,2
501754,20270216,2
501754,20270311,2
501754,20270501,2
501754,20270624,2
501754,20270706,2
501754,20261101,2
501754,20261102,2
501754,20261224,2
501754,20261225,2
501754,20261226,2
507441,20270406,1
507441,20270101,1
507441,20270216,1
507441,20270311,1
507441,20270501,1
507441,20270624,1
507441,20270706,1
507441,20261101,1
507441,20261102,1
507441,20261224,1
507441,20261225,1
507441,20261226,1
507440,20270406,2
507440,20270101,2
507440,20270216,2
507440,20270311,2
507440,20270501,2
507440,20270624,2
507440,20270706,2
507440,20261101,2
507440,20261102,2
507440,20261224,2
507440,20261225,2
507440,20261226,2
507442,20270406,2
507442,20270101,2
507442,20270216,2
507442,20270311,2
507442,20270501,2
507442,20270624,2
507442,20270706,2
507442,20261101,2
507442,20261102,2
507442,20261224,2
507442,20261225,2
507442,20261226,2
507443,20270406,1
507443,20270101,1
507443,20270216,1
507443,20270311,1
507443,20270501,1
507443,20270624,1
507443,20270706,1
507443,20261101,1
507443,20261102,1
507443,20261224,1
507443,20261225,1
507443,20261226,1
507444,20270406,2
507444,20270101,2
507444,20270216,2
507444,20270311,2
507444,20270501,2
507444,20270624,2
507444,20270706,2
507444,20261101,2
507444,20261102,2
507444,20261224,2
507444,20261225,2
507444,20261226,2
507445,20270406,1
507445,20270101,1
507445,20270216,1
507445,20270311,1
507445,20270501,1
507445,20270624,1
507445,20270706,1
507445,20261101,1
507445,20261102,1
507445,20261224,1
507445,20261225,1
507445,20261226,1
499002,20270406,1
499002,20270101,1
499002,20270216,1
499002,20270311,1
499002,20270501,1
499002,20270624,1
499002,20270706,1
499002,20261101,1
499002,20261102,1
499002,20261224,1
499002,20261225,1
499002,20261226,1
499003,20270406,2
499003,20270101,2
499003,20270216,2
499003,20270311,2
499003,20270501,2
499003,20270624,2
499003,20270706,2
499003,20261101,2
499003,20261102,2
499003,20261224,2
499003,20261225,2
499003,20261226,2
499004,20270406,1
499004,20270101,1
499004,20270216,1
499004,20270311,1
499004,20270501,1
499004,20270624,1
499004,20270706,1
499004,20261101,1
499004,20261102,1
499004,20261224,1
499004,20261225,1
499004,20261226,1
499005,20270406,2
499005,20270101,2
499005,20270216,2
499005,20270311,2
499005,20270501,2
499005,20270624,2
499005,20270706,2
499005,20261101,2
499005,20261102,2
499005,20261224,2
499005,20261225,2
499005,20261226,2
499006,20270406,1
499006,20270101,1
499006,20270216,1
499006,20270311,1
499006,20270501,1
499006,20270624,1
499006,20270706,1
499006,20261101,1
499006,20261102,1
499006,20261224,1
499006,20261225,1
499006,20261226,1
499007,20270406,2
499007,20270101,2
499007,20270216,2
499007,20270311,2
499007,20270501,2
499007,20270624,2
499007,20270706,2
499007,20261101,2
499007,20261102,2
499007,20261224,2
499007,20261225,2
499007,20261226,2
499008,20270406,1
499008,20270101,1
499008,20270216,1
499008,20270311,1
499008,20270501,1
499008,20270624,1
499008,20270706,1
499008,20261101,1
499008,20261102,1
499008,20261224,1
499008,20261225,1
499008,20261226,1
507446,20270406,2
507446,20270101,2
507446,20270216,2
507446,20270311,2
507446,20270501,2
507446,20270624,2
507446,20270706,2
507446,20261101,2
507446,20261102,2
507446,20261224,2
507446,20261225,2
507446,20261226,2
507447,20270406,1
507447,20270101,1
507447,20270216,1
507447,20270311,1
507447,20270501,1
507447,20270624,1
507447,20270706,1
507447,20261101,1
507447,20261102,1
507447,20261224,1
507447,20261225,1
507447,20261226,1
507562,20270406,1
507562,20270101,1
507562,20270216,1
507562,20270311,1
507562,20270501,1
507562,20270624,1
507562,20270706,1
507562,20261101,1
507562,20261102,1
507562,20261224,1
507562,20261225,1
507562,20261226,1
507561,20270406,2
507561,20270101,2
507561,20270216,2
507561,20270311,2
507561,20270501,2
507561,20270624,2
507561,20270706,2
507561,20261101,2
507561,20261102,2
507561,20261224,2
507561,20261225,2
507561,20261226,2
507515,20270406,1
507515,20270101,1
507515,20270216,1
507515,20270311,1
507515,20270501,1
507515,20270624,1
507515,20270706,1
507515,20261101,1
507515,20261102,1
507515,20261224,1
507515,20261225,1
507515,20261226,1
507514,20270406,2
507514,20270101,2
507514,20270216,2
507514,20270311,2
507514,20270501,2
507514,20270624,2
507514,20270706,2
507514,20261101,2
507514,20261102,2
507514,20261224,2
507514,20261225,2
507514,20261226,2
499009,20270406,2
499009,20270101,2
499009,20270216,2
499009,20270311,2
499009,20270501,2
499009,20270624,2
499009,20270706,2
499009,20261101,2
499009,20261102,2
499009,20261224,2
499009,20261225,2
499009,20261226,2
499010,20270406,1
499010,20270101,1
499010,20270216,1
499010,20270311,1
499010,20270501,1
499010,20270624,1
499010,20270706,1
499010,20261101,1
499010,20261102,1
499010,20261224,1
499010,20261225,1
499010,20261226,1
499011,20270406,2
499011,20270101,2
499011,20270216,2
499011,20270311,2
499011,20270501,2
499011,20270624,2
499011,20270706,2
499011,20261101,2
499011,20261102,2
499011,20261224,2
499011,20261225,2
499011,20261226,2
499012,20270406,1
499012,20270101,1
499012,20270216,1
499012,20270311,1
499012,20270501,1
499012,20270624,1
499012,20270706,1
499012,20261101,1
499012,20261102,1
499012,20261224,1
499012,20261225,1
499012,20261226,1
507448,20270406,2
507448,20270101,2
507448,20270216,2
507448,20270311,2
507448,20270501,2
507448,20270624,2
507448,20270706,2
507448,20261101,2
507448,20261102,2
507448,20261224,2
507448,20261225,2
507448,20261226,2
507449,20270406,1
507449,20270101,1
507449,20270216,1
507449,20270311,1
507449,20270501,1
507449,20270624,1
507449,20270706,1
507449,20261101,1
507449,20261102,1
507449,20261224,1
507449,20261225,1
507449,20261226,1
499013,20270406,2
499013,20270101,2
499013,20270216,2
499013,20270311,2
499013,20270501,2
499013,20270624,2
499013,20270706,2
499013,20261101,2
499013,20261102,2
499013,20261224,2
499013,20261225,2
499013,20261226,2
499014,20270406,1
499014,20270101,1
499014,20270216,1
499014,20270311,1
499014,20270501,1
499014,20270624,1
499014,20270706,1
499014,20261101,1
499014,20261102,1
499014,20261224,1
499014,20261225,1
499014,20261226,1
476335,20261101,2
476335,20261102,2
507450,20270406,2
507450,20270101,2
507450,20270216,2
507450,20270311,2
507450,20270501,2
507450,20270624,2
507450,20270706,2
507450,20261101,2
507450,20261102,2
507450,20261224,2
507450,20261225,2
507450,20261226,2
507451,20270406,1
507451,20270101,1
507451,20270216,1
507451,20270311,1
507451,20270501,1
507451,20270624,1
507451,20270706,1
507451,20261101,1
507451,20261102,1
507451,20261224,1
507451,20261225,1
507451,20261226,1
504642,20270406,2
504642,20270101,2
504642,20270216,2
504642,20270311,2
504642,20270501,2
504642,20270624,2
504642,20270706,2
504642,20261101,2
504642,20261102,2
504642,20261224,2
504642,20261225,2
504642,20261226,2
504643,20270406,1
504643,20270101,1
504643,20270216,1
504643,20270311,1
504643,20270501,1
504643,20270624,1
504643,20270706,1
504643,20261101,1
504643,20261102,1
504643,20261224,1
504643,20261225,1
504643,20261226,1
498839,20270406,2
498839,20270101,2
498839,20270216,2
498839,20270311,2
498839,20270501,2
498839,20270624,2
498839,20270706,2
498839,20261101,2
498839,20261102,2
498839,20261224,2
498839,20261225,2
498839,20261226,2
498840,20270406,1
498840,20270101,1
498840,20270216,1
498840,20270311,1
498840,20270501,1
498840,20270624,1
498840,20270706,1
498840,20261101,1
498840,20261102,1
498840,20261224,1
498840,20261225,1
498840,20261226,1
503707,20270406,2
503707,20270101,2
503707,20270216,2
503707,20270311,2
503707,20270501,2
503707,20270624,2
503707,20270706,2
503707,20261101,2
503707,20261102,2
503707,20261224,2
503707,20261225,2
503707,20261226,2
503708,20270406,1
503708,20270101,1
503708,20270216,1
503708,20270311,1
503708,20270501,1
503708,20270624,1
503708,20270706,1
503708,20261101,1
503708,20261102,1
503708,20261224,1
503708,20261225,1
503708,20261226,1
507516,20270406,2
507516,20270101,2
507516,20270216,2
507516,20270311,2
507516,20270501,2
507516,20270624,2
507516,20270706,2
507516,20261101,2
507516,20261102,2
507516,20261224,2
507516,20261225,2
507516,20261226,2
507517,20270406,1
507517,20270101,1
507517,20270216,1
507517,20270311,1
507517,20270501,1
507517,20270624,1
507517,20270706,1
507517,20261101,1
507517,20261102,1
507517,20261224,1
507517,20261225,1
507517,20261226,1
500089,20270406,2
500089,20270101,2
500089,20270216,2
500089,20270311,2
500089,20270501,2
500089,20270624,2
500089,20270706,2
500089,20261101,2
500089,20261102,2
500089,20261224,2
500089,20261225,2
500089,20261226,2
500090,20270406,1
500090,20270101,1
500090,20270216,1
500090,20270311,1
500090,20270501,1
500090,20270624,1
500090,20270706,1
500090,20261101,1
500090,20261102,1
500090,20261224,1
500090,20261225,1
500090,20261226,1
505780,20270406,2
505780,20270101,2
505780,20270216,2
505780,20270311,2
505780,20270501,2
505780,20270624,2
505780,20270706,2
505780,20261101,2
505780,20261102,2
505780,20261224,2
505780,20261225,2
505780,20261226,2
505781,20270406,1
505781,20270101,1
505781,20270216,1
505781,20270311,1
505781,20270501,1
505781,20270624,1
505781,20270706,1
505781,20261101,1
505781,20261102,1
505781,20261224,1
505781,20261225,1
505781,20261226,1
505782,20270406,2
505782,20270101,2
505782,20270216,2
505782,20270311,2
505782,20270501,2
505782,20270624,2
505782,20270706,2
505782,20261101,2
505782,20261102,2
505782,20261224,2
505782,20261225,2
505782,20261226,2
505783,20270406,1
505783,20270101,1
505783,20270216,1
505783,20270311,1
505783,20270501,1
505783,20270624,1
505783,20270706,1
505783,20261101,1
505783,20261102,1
505783,20261224,1
505783,20261225,1
505783,20261226,1
505784,20270406,2
505784,20270101,2
505784,20270216,2
505784,20270311,2
505784,20270501,2
505784,20270624,2
505784,20270706,2
505784,20261101,2
505784,20261102,2
505784,20261224,2
505784,20261225,2
505784,20261226,2
505785,20270406,1
505785,20270101,1
505785,20270216,1
505785,20270311,1
505785,20270501,1
505785,20270624,1
505785,20270706,1
505785,20261101,1
505785,20261102,1
505785,20261224,1
505785,20261225,1
505785,20261226,1
499027,20270406,2
499027,20270101,2
499027,20270216,2
499027,20270311,2
499027,20270501,2
499027,20270624,2
499027,20270706,2
499027,20261101,2
499027,20261102,2
499027,20261224,2
499027,20261225,2
499027,20261226,2
499028,20270406,1
499028,20270101,1
499028,20270216,1
499028,20270311,1
499028,20270501,1
499028,20270624,1
499028,20270706,1
499028,20261101,1
499028,20261102,1
499028,20261224,1
499028,20261225,1
499028,20261226,1
507452,20270406,2
507452,20270101,2
507452,20270216,2
507452,20270311,2
507452,20270501,2
507452,20270624,2
507452,20270706,2
507452,20261101,2
507452,20261102,2
507452,20261224,2
507452,20261225,2
507452,20261226,2
507453,20270406,1
507453,20270101,1
507453,20270216,1
507453,20270311,1
507453,20270501,1
507453,20270624,1
507453,20270706,1
507453,20261101,1
507453,20261102,1
507453,20261224,1
507453,20261225,1
507453,20261226,1
499029,20270406,2
499029,20270101,2
499029,20270216,2
499029,20270311,2
499029,20270501,2
499029,20270624,2
499029,20270706,2
499029,20261101,2
499029,20261102,2
499029,20261224,2
499029,20261225,2
499029,20261226,2
499030,20270406,1
499030,20270101,1
499030,20270216,1
499030,20270311,1
499030,20270501,1
499030,20270624,1
499030,20270706,1
499030,20261101,1
499030,20261102,1
499030,20261224,1
499030,20261225,1
499030,20261226,1
499031,20270406,2
499031,20270101,2
499031,20270216,2
499031,20270311,2
499031,20270501,2
499031,20270624,2
499031,20270706,2
499031,20261101,2
499031,20261102,2
499031,20261224,2
499031,20261225,2
499031,20261226,2
499032,20270406,1
499032,20270101,1
499032,20270216,1
499032,20270311,1
499032,20270501,1
499032,20270624,1
499032,20270706,1
499032,20261101,1
499032,20261102,1
499032,20261224,1
499032,20261225,1
499032,20261226,1
507454,20270406,2
507454,20270101,2
507454,20270216,2
507454,20270311,2
507454,20270501,2
507454,20270624,2
507454,20270706,2
507454,20261101,2
507454,20261102,2
507454,20261224,2
507454,20261225,2
507454,20261226,2
507455,20270406,1
507455,20270101,1
507455,20270216,1
507455,20270311,1
507455,20270501,1
507455,20270624,1
507455,20270706,1
507455,20261101,1
507455,20261102,1
507455,20261224,1
507455,20261225,1
507455,20261226,1
501757,20270406,2
501757,20270101,2
501757,20270216,2
501757,20270311,2
501757,20270501,2
501757,20270624,2
501757,20270706,2
501757,20261101,2
501757,20261102,2
501757,20261224,2
501757,20261225,2
501757,20261226,2
499034,20270406,1
499034,20270101,1
499034,20270216,1
499034,20270311,1
499034,20270501,1
499034,20270624,1
499034,20270706,1
499034,20261101,1
499034,20261102,1
499034,20261224,1
499034,20261225,1
499034,20261226,1
503711,20270406,1
503711,20270101,1
503711,20270216,1
503711,20270311,1
503711,20270501,1
503711,20270624,1
503711,20270706,1
503711,20261101,1
503711,20261102,1
503711,20261224,1
503711,20261225,1
503711,20261226,1
503710,20270406,2
503710,20270101,2
503710,20270216,2
503710,20270311,2
503710,20270501,2
503710,20270624,2
503710,20270706,2
503710,20261101,2
503710,20261102,2
503710,20261224,2
503710,20261225,2
503710,20261226,2
500921,20270406,2
500921,20270101,2
500921,20270216,2
500921,20270311,2
500921,20270501,2
500921,20270624,2
500921,20270706,2
500921,20261101,2
500921,20261102,2
500921,20261224,2
500921,20261225,2
500921,20261226,2
500922,20270406,1
500922,20270101,1
500922,20270216,1
500922,20270311,1
500922,20270501,1
500922,20270624,1
500922,20270706,1
500922,20261101,1
500922,20261102,1
500922,20261224,1
500922,20261225,1
500922,20261226,1
500923,20270406,2
500923,20270101,2
500923,20270216,2
500923,20270311,2
500923,20270501,2
500923,20270624,2
500923,20270706,2
500923,20261101,2
500923,20261102,2
500923,20261224,2
500923,20261225,2
500923,20261226,2
500924,20270406,1
500924,20270101,1
500924,20270216,1
500924,20270311,1
500924,20270501,1
500924,20270624,1
500924,20270706,1
500924,20261101,1
500924,20261102,1
500924,20261224,1
500924,20261225,1
500924,20261226,1
505786,20270406,2
505786,20270101,2
505786,20270216,2
505786,20270311,2
505786,20270501,2
505786,20270624,2
505786,20270706,2
505786,20261101,2
505786,20261102,2
505786,20261224,2
505786,20261225,2
505786,20261226,2
505787,20270406,1
505787,20270101,1
505787,20270216,1
505787,20270311,1
505787,20270501,1
505787,20270624,1
505787,20270706,1
505787,20261101,1
505787,20261102,1
505787,20261224,1
505787,20261225,1
505787,20261226,1
505788,20270406,2
505788,20270101,2
505788,20270216,2
505788,20270311,2
505788,20270501,2
505788,20270624,2
505788,20270706,2
505788,20261101,2
505788,20261102,2
505788,20261224,2
505788,20261225,2
505788,20261226,2
505789,20270406,1
505789,20270101,1
505789,20270216,1
505789,20270311,1
505789,20270501,1
505789,20270624,1
505789,20270706,1
505789,20261101,1
505789,20261102,1
505789,20261224,1
505789,20261225,1
505789,20261226,1
507456,20270406,2
507456,20270101,2
507456,20270216,2
507456,20270311,2
507456,20270501,2
507456,20270624,2
507456,20270706,2
507456,20261101,2
507456,20261102,2
507456,20261224,2
507456,20261225,2
507456,20261226,2
507457,20270406,1
507457,20270101,1
507457,20270216,1
507457,20270311,1
507457,20270501,1
507457,20270624,1
507457,20270706,1
507457,20261101,1
507457,20261102,1
507457,20261224,1
507457,20261225,1
507457,20261226,1
507518,20270406,2
507518,20270101,2
507518,20270216,2
507518,20270311,2
507518,20270501,2
507518,20270624,2
507518,20270706,2
507518,20261101,2
507518,20261102,2
507518,20261224,2
507518,20261225,2
507518,20261226,2
507519,20270406,1
507519,20270101,1
507519,20270216,1
507519,20270311,1
507519,20270501,1
507519,20270624,1
507519,20270706,1
507519,20261101,1
507519,20261102,1
507519,20261224,1
507519,20261225,1
507519,20261226,1
499043,20270406,2
499043,20270101,2
499043,20270216,2
499043,20270311,2
499043,20270501,2
499043,20270624,2
499043,20270706,2
499043,20261101,2
499043,20261102,2
499043,20261224,2
499043,20261225,2
499043,20261226,2
499044,20270406,1
499044,20270101,1
499044,20270216,1
499044,20270311,1
499044,20270501,1
499044,20270624,1
499044,20270706,1
499044,20261101,1
499044,20261102,1
499044,20261224,1
499044,20261225,1
499044,20261226,1
507520,20270406,2
507520,20270101,2
507520,20270216,2
507520,20270311,2
507520,20270501,2
507520,20270624,2
507520,20270706,2
507520,20261101,2
507520,20261102,2
507520,20261224,2
507520,20261225,2
507520,20261226,2
507521,20270406,1
507521,20270101,1
507521,20270216,1
507521,20270311,1
507521,20270501,1
507521,20270624,1
507521,20270706,1
507521,20261101,1
507521,20261102,1
507521,20261224,1
507521,20261225,1
507521,20261226,1
507458,20270406,2
507458,20270101,2
507458,20270216,2
507458,20270311,2
507458,20270501,2
507458,20270624,2
507458,20270706,2
507458,20261101,2
507458,20261102,2
507458,20261224,2
507458,20261225,2
507458,20261226,2
507459,20270406,1
507459,20270101,1
507459,20270216,1
507459,20270311,1
507459,20270501,1
507459,20270624,1
507459,20270706,1
507459,20261101,1
507459,20261102,1
507459,20261224,1
507459,20261225,1
507459,20261226,1
504644,20270406,2
504644,20270101,2
504644,20270216,2
504644,20270311,2
504644,20270501,2
504644,20270624,2
504644,20270706,2
504644,20261101,2
504644,20261102,2
504644,20261224,2
504644,20261225,2
504644,20261226,2
504645,20270406,1
504645,20270101,1
504645,20270216,1
504645,20270311,1
504645,20270501,1
504645,20270624,1
504645,20270706,1
504645,20261101,1
504645,20261102,1
504645,20261224,1
504645,20261225,1
504645,20261226,1
507460,20270406,2
507460,20270101,2
507460,20270216,2
507460,20270311,2
507460,20270501,2
507460,20270624,2
507460,20270706,2
507460,20261101,2
507460,20261102,2
507460,20261224,2
507460,20261225,2
507460,20261226,2
507461,20270406,1
507461,20270101,1
507461,20270216,1
507461,20270311,1
507461,20270501,1
507461,20270624,1
507461,20270706,1
507461,20261101,1
507461,20261102,1
507461,20261224,1
507461,20261225,1
507461,20261226,1
506244,20270406,1
506244,20270101,1
506244,20270216,1
506244,20270311,1
506244,20270501,1
506244,20270624,1
506244,20270706,1
506244,20261101,1
506244,20261102,1
506244,20261224,1
506244,20261225,1
506244,20261226,1
506245,20270406,2
506245,20270101,2
506245,20270216,2
506245,20270311,2
506245,20270501,2
506245,20270624,2
506245,20270706,2
506245,20261101,2
506245,20261102,2
506245,20261224,2
506245,20261225,2
506245,20261226,2
506246,20270406,2
506246,20270101,2
506246,20270216,2
506246,20270311,2
506246,20270501,2
506246,20270624,2
506246,20270706,2
506246,20261101,2
506246,20261102,2
506246,20261224,2
506246,20261225,2
506246,20261226,2
507522,20270406,2
507522,20270101,2
507522,20270216,2
507522,20270311,2
507522,20270501,2
507522,20270624,2
507522,20270706,2
507522,20261101,2
507522,20261102,2
507522,20261224,2
507522,20261225,2
507522,20261226,2
507523,20270406,1
507523,20270101,1
507523,20270216,1
507523,20270311,1
507523,20270501,1
507523,20270624,1
507523,20270706,1
507523,20261101,1
507523,20261102,1
507523,20261224,1
507523,20261225,1
507523,20261226,1
507462,20270406,2
507462,20270101,2
507462,20270216,2
507462,20270311,2
507462,20270501,2
507462,20270624,2
507462,20270706,2
507462,20261101,2
507462,20261102,2
507462,20261224,2
507462,20261225,2
507462,20261226,2
507463,20270406,1
507463,20270101,1
507463,20270216,1
507463,20270311,1
507463,20270501,1
507463,20270624,1
507463,20270706,1
507463,20261101,1
507463,20261102,1
507463,20261224,1
507463,20261225,1
507463,20261226,1
507464,20270406,2
507464,20270101,2
507464,20270216,2
507464,20270311,2
507464,20270501,2
507464,20270624,2
507464,20270706,2
507464,20261101,2
507464,20261102,2
507464,20261224,2
507464,20261225,2
507464,20261226,2
507465,20270406,1
507465,20270101,1
507465,20270216,1
507465,20270311,1
507465,20270501,1
507465,20270624,1
507465,20270706,1
507465,20261101,1
507465,20261102,1
507465,20261224,1
507465,20261225,1
507465,20261226,1
499760,20270406,2
499760,20270101,2
499760,20270216,2
499760,20270311,2
499760,20270501,2
499760,20270624,2
499760,20270706,2
499760,20261101,2
499760,20261102,2
499760,20261224,2
499760,20261225,2
499760,20261226,2
499761,20270406,1
499761,20270101,1
499761,20270216,1
499761,20270311,1
499761,20270501,1
499761,20270624,1
499761,20270706,1
499761,20261101,1
499761,20261102,1
499761,20261224,1
499761,20261225,1
499761,20261226,1
507466,20270406,2
507466,20270101,2
507466,20270216,2
507466,20270311,2
507466,20270501,2
507466,20270624,2
507466,20270706,2
507466,20261101,2
507466,20261102,2
507466,20261224,2
507466,20261225,2
507466,20261226,2
505793,20270406,2
505793,20270101,2
505793,20270216,2
505793,20270311,2
505793,20270501,2
505793,20270624,2
505793,20270706,2
505793,20261101,2
505793,20261102,2
505793,20261224,2
505793,20261225,2
505793,20261226,2
505794,20270406,1
505794,20270101,1
505794,20270216,1
505794,20270311,1
505794,20270501,1
505794,20270624,1
505794,20270706,1
505794,20261101,1
505794,20261102,1
505794,20261224,1
505794,20261225,1
505794,20261226,1
499053,20270406,2
499053,20270101,2
499053,20270216,2
499053,20270311,2
499053,20270501,2
499053,20270624,2
499053,20270706,2
499053,20261101,2
499053,20261102,2
499053,20261224,2
499053,20261225,2
499053,20261226,2
499054,20270406,1
499054,20270101,1
499054,20270216,1
499054,20270311,1
499054,20270501,1
499054,20270624,1
499054,20270706,1
499054,20261101,1
499054,20261102,1
499054,20261224,1
499054,20261225,1
499054,20261226,1
507524,20270406,2
507524,20270101,2
507524,20270216,2
507524,20270311,2
507524,20270501,2
507524,20270624,2
507524,20270706,2
507524,20261101,2
507524,20261102,2
507524,20261224,2
507524,20261225,2
507524,20261226,2
507525,20270406,1
507525,20270101,1
507525,20270216,1
507525,20270311,1
507525,20270501,1
507525,20270624,1
507525,20270706,1
507525,20261101,1
507525,20261102,1
507525,20261224,1
507525,20261225,1
507525,20261226,1
499055,20270406,2
499055,20270101,2
499055,20270216,2
499055,20270311,2
499055,20270501,2
499055,20270624,2
499055,20270706,2
499055,20261101,2
499055,20261102,2
499055,20261224,2
499055,20261225,2
499055,20261226,2
499056,20270406,1
499056,20270101,1
499056,20270216,1
499056,20270311,1
499056,20270501,1
499056,20270624,1
499056,20270706,1
499056,20261101,1
499056,20261102,1
499056,20261224,1
499056,20261225,1
499056,20261226,1
507526,20270406,2
507526,20270101,2
507526,20270216,2
507526,20270311,2
507526,20270501,2
507526,20270624,2
507526,20270706,2
507526,20261101,2
507526,20261102,2
507526,20261224,2
507526,20261225,2
507526,20261226,2
507527,20270406,1
507527,20270101,1
507527,20270216,1
507527,20270311,1
507527,20270501,1
507527,20270624,1
507527,20270706,1
507527,20261101,1
507527,20261102,1
507527,20261224,1
507527,20261225,1
507527,20261226,1
507528,20270406,2
507528,20270101,2
507528,20270216,2
507528,20270311,2
507528,20270501,2
507528,20270624,2
507528,20270706,2
507528,20261101,2
507528,20261102,2
507528,20261224,2
507528,20261225,2
507528,20261226,2
499057,20270406,2
499057,20270101,2
499057,20270216,2
499057,20270311,2
499057,20270501,2
499057,20270624,2
499057,20270706,2
499057,20261101,2
499057,20261102,2
499057,20261224,2
499057,20261225,2
499057,20261226,2
499058,20270406,1
499058,20270101,1
499058,20270216,1
499058,20270311,1
499058,20270501,1
499058,20270624,1
499058,20270706,1
499058,20261101,1
499058,20261102,1
499058,20261224,1
499058,20261225,1
499058,20261226,1
507529,20270406,2
507529,20270101,2
507529,20270216,2
507529,20270311,2
507529,20270501,2
507529,20270624,2
507529,20270706,2
507529,20261101,2
507529,20261102,2
507529,20261224,2
507529,20261225,2
507529,20261226,2
507530,20270406,1
507530,20270101,1
507530,20270216,1
507530,20270311,1
507530,20270501,1
507530,20270624,1
507530,20270706,1
507530,20261101,1
507530,20261102,1
507530,20261224,1
507530,20261225,1
507530,20261226,1
499059,20270406,2
499059,20270101,2
499059,20270216,2
499059,20270311,2
499059,20270501,2
499059,20270624,2
499059,20270706,2
499059,20261101,2
499059,20261102,2
499059,20261224,2
499059,20261225,2
499059,20261226,2
499060,20270406,1
499060,20270101,1
499060,20270216,1
499060,20270311,1
499060,20270501,1
499060,20270624,1
499060,20270706,1
499060,20261101,1
499060,20261102,1
499060,20261224,1
499060,20261225,1
499060,20261226,1
499061,20270406,2
499061,20270101,2
499061,20270216,2
499061,20270311,2
499061,20270501,2
499061,20270624,2
499061,20270706,2
499061,20261101,2
499061,20261102,2
499061,20261224,2
499061,20261225,2
499061,20261226,2
499062,20270406,1
499062,20270101,1
499062,20270216,1
499062,20270311,1
499062,20270501,1
499062,20270624,1
499062,20270706,1
499062,20261101,1
499062,20261102,1
499062,20261224,1
499062,20261225,1
499062,20261226,1
499063,20270406,2
499063,20270101,2
499063,20270216,2
499063,20270311,2
499063,20270501,2
499063,20270624,2
499063,20270706,2
499063,20261101,2
499063,20261102,2
499063,20261224,2
499063,20261225,2
499063,20261226,2
499064,20270406,1
499064,20270101,1
499064,20270216,1
499064,20270311,1
499064,20270501,1
499064,20270624,1
499064,20270706,1
499064,20261101,1
499064,20261102,1
499064,20261224,1
499064,20261225,1
499064,20261226,1
505796,20270406,2
505796,20270101,2
505796,20270216,2
505796,20270311,2
505796,20270501,2
505796,20270624,2
505796,20270706,2
505796,20261101,2
505796,20261102,2
505796,20261224,2
505796,20261225,2
505796,20261226,2
505797,20270406,1
505797,20270101,1
505797,20270216,1
505797,20270311,1
505797,20270501,1
505797,20270624,1
505797,20270706,1
505797,20261101,1
505797,20261102,1
505797,20261224,1
505797,20261225,1
505797,20261226,1
507467,20270406,2
507467,20270101,2
507467,20270216,2
507467,20270311,2
507467,20270501,2
507467,20270624,2
507467,20270706,2
507467,20261101,2
507467,20261102,2
507467,20261224,2
507467,20261225,2
507467,20261226,2
507468,20270406,1
507468,20270101,1
507468,20270216,1
507468,20270311,1
507468,20270501,1
507468,20270624,1
507468,20270706,1
507468,20261101,1
507468,20261102,1
507468,20261224,1
507468,20261225,1
507468,20261226,1
499068,20270406,1
499068,20270101,1
499068,20270216,1
499068,20270311,1
499068,20270501,1
499068,20270624,1
499068,20270706,1
499068,20261101,1
499068,20261102,1
499068,20261224,1
499068,20261225,1
499068,20261226,1
507469,20270406,2
507469,20270101,2
507469,20270216,2
507469,20270311,2
507469,20270501,2
507469,20270624,2
507469,20270706,2
507469,20261101,2
507469,20261102,2
507469,20261224,2
507469,20261225,2
507469,20261226,2
507470,20270406,1
507470,20270101,1
507470,20270216,1
507470,20270311,1
507470,20270501,1
507470,20270624,1
507470,20270706,1
507470,20261101,1
507470,20261102,1
507470,20261224,1
507470,20261225,1
507470,20261226,1
499069,20270406,2
499069,20270101,2
499069,20270216,2
499069,20270311,2
499069,20270501,2
499069,20270624,2
499069,20270706,2
499069,20261101,2
499069,20261102,2
499069,20261224,2
499069,20261225,2
499069,20261226,2
499070,20270406,1
499070,20270101,1
499070,20270216,1
499070,20270311,1
499070,20270501,1
499070,20270624,1
499070,20270706,1
499070,20261101,1
499070,20261102,1
499070,20261224,1
499070,20261225,1
499070,20261226,1
507471,20270406,2
507471,20270101,2
507471,20270216,2
507471,20270311,2
507471,20270501,2
507471,20270624,2
507471,20270706,2
507471,20261101,2
507471,20261102,2
507471,20261224,2
507471,20261225,2
507471,20261226,2
507472,20270406,1
507472,20270101,1
507472,20270216,1
507472,20270311,1
507472,20270501,1
507472,20270624,1
507472,20270706,1
507472,20261101,1
507472,20261102,1
507472,20261224,1
507472,20261225,1
507472,20261226,1
507416,20270406,2
507416,20270101,2
507416,20270216,2
507416,20270311,2
507416,20270501,2
507416,20270624,2
507416,20270706,2
507416,20261101,2
507416,20261102,2
507416,20261224,2
507416,20261225,2
507416,20261226,2
507417,20270406,1
507417,20270101,1
507417,20270216,1
507417,20270311,1
507417,20270501,1
507417,20270624,1
507417,20270706,1
507417,20261101,1
507417,20261102,1
507417,20261224,1
507417,20261225,1
507417,20261226,1
507418,20270406,2
507418,20270101,2
507418,20270216,2
507418,20270311,2
507418,20270501,2
507418,20270624,2
507418,20270706,2
507418,20261101,2
507418,20261102,2
507418,20261224,2
507418,20261225,2
507418,20261226,2
507419,20270406,1
507419,20270101,1
507419,20270216,1
507419,20270311,1
507419,20270501,1
507419,20270624,1
507419,20270706,1
507419,20261101,1
507419,20261102,1
507419,20261224,1
507419,20261225,1
507419,20261226,1
507420,20270406,2
507420,20270101,2
507420,20270216,2
507420,20270311,2
507420,20270501,2
507420,20270624,2
507420,20270706,2
507420,20261101,2
507420,20261102,2
507420,20261224,2
507420,20261225,2
507420,20261226,2
507421,20270406,1
507421,20270101,1
507421,20270216,1
507421,20270311,1
507421,20270501,1
507421,20270624,1
507421,20270706,1
507421,20261101,1
507421,20261102,1
507421,20261224,1
507421,20261225,1
507421,20261226,1
507422,20270406,2
507422,20270101,2
507422,20270216,2
507422,20270311,2
507422,20270501,2
507422,20270624,2
507422,20270706,2
507422,20261101,2
507422,20261102,2
507422,20261224,2
507422,20261225,2
507422,20261226,2
507423,20270406,1
507423,20270101,1
507423,20270216,1
507423,20270311,1
507423,20270501,1
507423,20270624,1
507423,20270706,1
507423,20261101,1
507423,20261102,1
507423,20261224,1
507423,20261225,1
507423,20261226,1
507424,20270406,2
507424,20270101,2
507424,20270216,2
507424,20270311,2
507424,20270501,2
507424,20270624,2
507424,20270706,2
507424,20261101,2
507424,20261102,2
507424,20261224,2
507424,20261225,2
507424,20261226,2
507425,20270406,1
507425,20270101,1
507425,20270216,1
507425,20270311,1
507425,20270501,1
507425,20270624,1
507425,20270706,1
507425,20261101,1
507425,20261102,1
507425,20261224,1
507425,20261225,1
507425,20261226,1
507426,20270406,2
507426,20270101,2
507426,20270216,2
507426,20270311,2
507426,20270501,2
507426,20270624,2
507426,20270706,2
507426,20261101,2
507426,20261102,2
507426,20261224,2
507426,20261225,2
507426,20261226,2
507427,20270406,1
507427,20270101,1
507427,20270216,1
507427,20270311,1
507427,20270501,1
507427,20270624,1
507427,20270706,1
507427,20261101,1
507427,20261102,1
507427,20261224,1
507427,20261225,1
507427,20261226,1
507428,20270406,2
507428,20270101,2
507428,20270216,2
507428,20270311,2
507428,20270501,2
507428,20270624,2
507428,20270706,2
507428,20261101,2
507428,20261102,2
507428,20261224,2
507428,20261225,2
507428,20261226,2
507429,20270406,1
507429,20270101,1
507429,20270216,1
507429,20270311,1
507429,20270501,1
507429,20270624,1
507429,20270706,1
507429,20261101,1
507429,20261102,1
507429,20261224,1
507429,20261225,1
507429,20261226,1
507430,20270406,2
507430,20270101,2
507430,20270216,2
507430,20270311,2
507430,20270501,2
507430,20270624,2
507430,20270706,2
507430,20261101,2
507430,20261102,2
507430,20261224,2
507430,20261225,2
507430,20261226,2
507431,20270406,1
507431,20270101,1
507431,20270216,1
507431,20270311,1
507431,20270501,1
507431,20270624,1
507431,20270706,1
507431,20261101,1
507431,20261102,1
507431,20261224,1
507431,20261225,1
507431,20261226,1
507531,20270406,2
507531,20270101,2
507531,20270216,2
507531,20270311,2
507531,20270501,2
507531,20270624,2
507531,20270706,2
507531,20261101,2
507531,20261102,2
507531,20261224,2
507531,20261225,2
507531,20261226,2
507532,20270406,1
507532,20270101,1
507532,20270216,1
507532,20270311,1
507532,20270501,1
507532,20270624,1
507532,20270706,1
507532,20261101,1
507532,20261102,1
507532,20261224,1
507532,20261225,1
507532,20261226,1
507533,20270406,2
507533,20270101,2
507533,20270216,2
507533,20270311,2
507533,20270501,2
507533,20270624,2
507533,20270706,2
507533,20261101,2
507533,20261102,2
507533,20261224,2
507533,20261225,2
507533,20261226,2
507534,20270406,1
507534,20270101,1
507534,20270216,1
507534,20270311,1
507534,20270501,1
507534,20270624,1
507534,20270706,1
507534,20261101,1
507534,20261102,1
507534,20261224,1
507534,20261225,1
507534,20261226,1
507536,20270406,1
507536,20270101,1
507536,20270216,1
507536,20270311,1
507536,20270501,1
507536,20270624,1
507536,20270706,1
507536,20261101,1
507536,20261102,1
507536,20261224,1
507536,20261225,1
507536,20261226,1
507535,20270406,2
507535,20270101,2
507535,20270216,2
507535,20270311,2
507535,20270501,2
507535,20270624,2
507535,20270706,2
507535,20261101,2
507535,20261102,2
507535,20261224,2
507535,20261225,2
507535,20261226,2
507537,20270406,2
507537,20270101,2
507537,20270216,2
507537,20270311,2
507537,20270501,2
507537,20270624,2
507537,20270706,2
507537,20261101,2
507537,20261102,2
507537,20261224,2
507537,20261225,2
507537,20261226,2
507538,20270406,1
507538,20270101,1
507538,20270216,1
507538,20270311,1
507538,20270501,1
507538,20270624,1
507538,20270706,1
507538,20261101,1
507538,20261102,1
507538,20261224,1
507538,20261225,1
507538,20261226,1
507554,20270406,2
507554,20270101,2
507554,20270216,2
507554,20270311,2
507554,20270501,2
507554,20270624,2
507554,20270706,2
507554,20261101,2
507554,20261102,2
507554,20261224,2
507554,20261225,2
507554,20261226,2
507539,20270406,2
507539,20270101,2
507539,20270216,2
507539,20270311,2
507539,20270501,2
507539,20270624,2
507539,20270706,2
507539,20261101,2
507539,20261102,2
507539,20261224,2
507539,20261225,2
507539,20261226,2
507540,20270406,1
507540,20270101,1
507540,20270216,1
507540,20270311,1
507540,20270501,1
507540,20270624,1
507540,20270706,1
507540,20261101,1
507540,20261102,1
507540,20261224,1
507540,20261225,1
507540,20261226,1
507541,20270406,2
507541,20270101,2
507541,20270216,2
507541,20270311,2
507541,20270501,2
507541,20270624,2
507541,20270706,2
507541,20261101,2
507541,20261102,2
507541,20261224,2
507541,20261225,2
507541,20261226,2
507542,20270406,1
507542,20270101,1
507542,20270216,1
507542,20270311,1
507542,20270501,1
507542,20270624,1
507542,20270706,1
507542,20261101,1
507542,20261102,1
507542,20261224,1
507542,20261225,1
507542,20261226,1
507543,20270406,2
507543,20270101,2
507543,20270216,2
507543,20270311,2
507543,20270501,2
507543,20270624,2
507543,20270706,2
507543,20261101,2
507543,20261102,2
507543,20261224,2
507543,20261225,2
507543,20261226,2
507544,20270406,1
507544,20270101,1
507544,20270216,1
507544,20270311,1
507544,20270501,1
507544,20270624,1
507544,20270706,1
507544,20261101,1
507544,20261102,1
507544,20261224,1
507544,20261225,1
507544,20261226,1
507545,20270406,2
507545,20270101,2
507545,20270216,2
507545,20270311,2
507545,20270501,2
507545,20270624,2
507545,20270706,2
507545,20261101,2
507545,20261102,2
507545,20261224,2
507545,20261225,2
507545,20261226,2
507546,20270406,1
507546,20270101,1
507546,20270216,1
507546,20270311,1
507546,20270501,1
507546,20270624,1
507546,20270706,1
507546,20261101,1
507546,20261102,1
507546,20261224,1
507546,20261225,1
507546,20261226,1
507564,20270406,2
507564,20270101,2
507564,20270216,2
507564,20270311,2
507564,20270501,2
507564,20270624,2
507564,20270706,2
507564,20261101,2
507564,20261102,2
507564,20261224,2
507564,20261225,2
507564,20261226,2
507548,20270406,1
507548,20270101,1
507548,20270216,1
507548,20270311,1
507548,20270501,1
507548,20270624,1
507548,20270706,1
507548,20261101,1
507548,20261102,1
507548,20261224,1
507548,20261225,1
507548,20261226,1
507549,20270406,2
507549,20270101,2
507549,20270216,2
507549,20270311,2
507549,20270501,2
507549,20270624,2
507549,20270706,2
507549,20261101,2
507549,20261102,2
507549,20261224,2
507549,20261225,2
507549,20261226,2
507550,20270406,2
507550,20270101,2
507550,20270216,2
507550,20270311,2
507550,20270501,2
507550,20270624,2
507550,20270706,2
507550,20261101,2
507550,20261102,2
507550,20261224,2
507550,20261225,2
507550,20261226,2
507551,20270406,1
507551,20270101,1
507551,20270216,1
507551,20270311,1
507551,20270501,1
507551,20270624,1
507551,20270706,1
507551,20261101,1
507551,20261102,1
507551,20261224,1
507551,20261225,1
507551,20261226,1
507552,20270406,2
507552,20270101,2
507552,20270216,2
507552,20270311,2
507552,20270501,2
507552,20270624,2
507552,20270706,2
507552,20261101,2
507552,20261102,2
507552,20261224,2
507552,20261225,2
507552,20261226,2
507553,20270406,1
507553,20270101,1
507553,20270216,1
507553,20270311,1
507553,20270501,1
507553,20270624,1
507553,20270706,1
507553,20261101,1
507553,20261102,1
507553,20261224,1
507553,20261225,1
507553,20261226,1
507555,20270406,1
507555,20270101,1
507555,20270216,1
507555,20270311,1
507555,20270501,1
507555,20270624,1
507555,20270706,1
507555,20261101,1
507555,20261102,1
507555,20261224,1
507555,20261225,1
507555,20261226,1
507556,20270406,2
507556,20270101,2
507556,20270216,2
507556,20270311,2
507556,20270501,2
507556,20270624,2
507556,20270706,2
507556,20261101,2
507556,20261102,2
507556,20261224,2
507556,20261225,2
507556,20261226,2
507563,20270406,1
507563,20270101,1
507563,20270216,1
507563,20270311,1
507563,20270501,1
507563,20270624,1
507563,20270706,1
507563,20261101,1
507563,20261102,1
507563,20261224,1
507563,20261225,1
507563,20261226,1
507558,20270406,2
507558,20270101,2
507558,20270216,2
507558,20270311,2
507558,20270501,2
507558,20270624,2
507558,20270706,2
507558,20261101,2
507558,20261102,2
507558,20261224,2
507558,20261225,2
507558,20261226,2
507559,20270406,1
507559,20270101,1
507559,20270216,1
507559,20270311,1
507559,20270501,1
507559,20270624,1
507559,20270706,1
507559,20261101,1
507559,20261102,1
507559,20261224,1
507559,20261225,1
507559,20261226,1
507560,20270406,2
507560,20270101,2
507560,20270216,2
507560,20270311,2
507560,20270501,2
507560,20270624,2
507560,20270706,2
507560,20261101,2
507560,20261102,2
507560,20261224,2
507560,20261225,2
507560,20261226,2