service_id,monday,tuesday,wednesday,thursday,friday,saturday,sunday,start_date,end_date,info
508000,1,1,1,1,1,1,1,20260901,20270901,""
508385,0,0,0,0,0,1,0,20260905,20260905,""
508389,0,0,0,0,0,1,0,20260905,20260905,""
465819,0,0,0,0,1,1,0,20250901,20270901,""
465824,0,0,0,0,1,1,0,20250901,20270901,""
496593,0,0,0,0,1,1,0,20260605,20270901,""
508398,0,0,0,0,0,1,0,20260905,20260905,""
508409,0,0,0,0,1,1,0,20260904,20270901,""
466527,0,0,0,0,1,1,0,20250901,20260903,""
508387,0,0,0,0,0,1,0,20260905,20260905,""
507997,0,0,0,0,1,1,0,20260901,20270901,""
503709,0,0,0,0,1,1,0,20260731,20270901,""
508392,0,0,0,0,0,1,0,20260905,20260905,""
496359,0,0,0,0,1,1,0,20260603,20270901,""
508391,0,0,0,0,0,1,0,20260905,20260905,""
501742,0,0,0,0,1,1,0,20260714,20270901,""
488816,1,1,1,1,0,0,1,20260323,20270901,""
477032,0,0,0,0,1,1,0,20251205,20270901,""
507434,1,1,1,1,1,0,0,20260901,20270901,""
507435,0,0,0,0,0,1,1,20260901,20270901,""
508394,0,0,0,0,0,1,1,20260905,20260906,""
508125,1,1,1,1,1,0,0,20260901,20270901,""
508126,0,0,0,0,0,1,1,20260901,20270901,""
508254,0,0,0,0,0,0,1,20260906,20260906,""
507797,0,0,0,0,0,1,1,20260901,20270901,"1 var."
507796,1,1,1,1,1,0,0,20260901,20270901,"2 var."
507800,1,1,1,1,1,0,0,20260901,20270901,"2 var."
507884,1,1,1,1,1,0,0,20260901,20270901,"1 var."
507885,0,0,0,0,0,1,0,20260901,20270901,"1 var."
507886,0,0,0,0,0,0,1,20260901,20270901,"1 var."
508255,0,0,0,0,0,0,1,20260906,20260906,""
507798,1,1,1,1,1,0,0,20260901,20270901,"1 var."
507799,0,0,0,0,0,1,1,20260901,20270901,"1 var."
508395,0,0,0,0,0,1,1,20260905,20260906,""
507887,1,1,1,1,1,0,0,20260901,20270901,""
507888,0,0,0,0,0,1,1,20260901,20270901,""
508396,0,0,0,0,0,1,1,20260905,20260906,""
507790,1,1,1,1,1,0,0,20260901,20270901,"1 var."
507791,0,0,0,0,0,1,1,20260901,20270901,"2 var."
508256,0,0,0,0,0,0,1,20260906,20260906,""
507801,0,0,0,0,0,1,1,20260901,20270901,"1 var."
508393,0,0,0,0,0,1,1,20260905,20260906,""
507432,1,1,1,1,1,0,0,20260901,20270901,""
507433,0,0,0,0,0,1,1,20260901,20270901,""
507803,0,0,0,0,0,1,1,20260901,20270901,"1 var."
507802,1,1,1,1,1,0,0,20260901,20270901,"2 var."
507792,1,1,1,1,1,0,0,20260901,20270901,""
507793,0,0,0,0,0,1,1,20260901,20270901,""
507794,1,1,1,1,1,0,0,20260901,20270901,""
507795,0,0,0,0,0,1,1,20260901,20270901,""
507436,1,1,1,1,1,0,0,20260901,20270901,""
507437,0,0,0,0,0,1,1,20260901,20270901,""
507804,1,1,1,1,1,0,0,20260901,20270901,"1 var."
507805,0,0,0,0,0,1,1,20260901,20270901,"2 var."
507807,0,0,0,0,0,1,1,20260901,20270901,"1 var."
507806,1,1,1,1,1,0,0,20260901,20270901,"2 var."
507808,1,1,1,1,1,0,0,20260901,20270901,"1 var."
507809,0,0,0,0,0,1,1,20260901,20270901,"1 var."
507438,1,1,1,1,1,0,0,20260901,20270901,""
507439,0,0,0,0,0,1,1,20260901,20270901,""
508257,0,0,0,0,0,0,1,20260906,20260906,""
507810,1,1,1,1,1,0,0,20260901,20270901,""
507811,0,0,0,0,0,1,1,20260901,20270901,""
507812,1,1,1,1,1,0,0,20260901,20270901,""
507440,1,1,1,1,1,0,0,20260901,20270901,""
507441,0,0,0,0,0,1,1,20260901,20270901,""
507442,1,1,1,1,1,0,0,20260901,20270901,""
507443,0,0,0,0,0,1,1,20260901,20270901,""
507444,1,1,1,1,1,0,0,20260901,20270901,""
507445,0,0,0,0,0,1,1,20260901,20270901,""
508258,0,0,0,0,0,0,1,20260906,20260906,""
507813,0,0,0,0,0,1,1,20260901,20270901,""
507814,1,1,1,1,1,0,0,20260901,20270901,"1 var."
507815,0,0,0,0,0,1,1,20260901,20270901,"2 var."
507817,0,0,0,0,0,1,1,20260901,20270901,"1 var."
507816,1,1,1,1,1,0,0,20260901,20270901,"2 var."
508259,0,0,0,0,0,0,1,20260906,20260906,""
507881,0,0,0,0,0,1,1,20260901,20270901,"2 var."
507880,1,1,1,1,1,0,0,20260901,20270901,"3 var."
507446,1,1,1,1,1,0,0,20260901,20270901,""
507447,0,0,0,0,0,1,1,20260901,20270901,""
507998,1,1,1,1,1,0,0,20260901,20270901,""
507999,0,0,0,0,0,1,1,20260901,20270901,""
507515,0,0,0,0,0,1,1,20260901,20270901,""
507514,1,1,1,1,1,0,0,20260901,20270901,"2 var."
507818,1,1,1,1,1,0,0,20260901,20270901,"2 var."
507819,0,0,0,0,0,1,1,20260901,20270901,"2 var."
507820,1,1,1,1,1,0,0,20260901,20270901,"1 var."
507821,0,0,0,0,0,1,1,20260901,20270901,"1 var."
507448,1,1,1,1,1,0,0,20260901,20270901,""
507449,0,0,0,0,0,1,1,20260901,20270901,""
507822,1,1,1,1,1,0,0,20260901,20270901,"1 var."
507823,0,0,0,0,0,1,1,20260901,20270901,"1 var."
476335,1,1,1,1,1,0,0,20251201,20261207,""
507450,1,1,1,1,1,0,0,20260901,20270901,""
507451,0,0,0,0,0,1,1,20260901,20270901,""
507824,1,1,1,1,1,0,0,20260901,20270901,"2 var."
507825,0,0,0,0,0,1,1,20260901,20270901,"2 var."
507882,1,1,1,1,1,0,0,20260901,20270901,""
507883,0,0,0,0,0,1,1,20260901,20270901,""
507826,1,1,1,1,1,0,0,20260901,20270901,"1 var."
507827,0,0,0,0,0,1,1,20260901,20270901,"1 var."
507516,1,1,1,1,1,0,0,20260901,20270901,""
507517,0,0,0,0,0,1,1,20260901,20270901,""
507828,1,1,1,1,1,0,0,20260901,20270901,"1 var."
507829,0,0,0,0,0,1,1,20260901,20270901,"1 var."
507830,1,1,1,1,1,0,0,20260901,20270901,"1 var."
507831,0,0,0,0,0,1,1,20260901,20270901,"1 var."
507832,1,1,1,1,1,0,0,20260901,20270901,"1 var."
507833,0,0,0,0,0,1,1,20260901,20270901,"1 var."
507876,1,1,1,1,1,0,0,20260901,20270901,"1 var."
507877,0,0,0,0,0,1,1,20260901,20270901,"1 var."
507834,1,1,1,1,1,0,0,20260901,20270901,"1 var."
507835,0,0,0,0,0,1,1,20260901,20270901,"1 var."
507452,1,1,1,1,1,0,0,20260901,20270901,""
507453,0,0,0,0,0,1,1,20260901,20270901,""
507836,1,1,1,1,1,0,0,20260901,20270901,"1 var."
507837,0,0,0,0,0,1,1,20260901,20270901,"1 var."
507838,1,1,1,1,1,0,0,20260901,20270901,"1 var."
507839,0,0,0,0,0,1,1,20260901,20270901,"1 var."
508263,0,0,0,0,0,0,1,20260906,20260906,""
507454,1,1,1,1,1,0,0,20260901,20270901,""
507455,0,0,0,0,0,1,1,20260901,20270901,""
507841,0,0,0,0,0,1,1,20260901,20270901,"1 var."
507840,1,1,1,1,1,0,0,20260901,20270901,"2 var."
503711,0,0,0,0,0,1,1,20260728,20270901,""
503710,1,1,1,1,1,0,0,20260728,20270901,"geras"
507842,1,1,1,1,1,0,0,20260901,20270901,""
507843,0,0,0,0,0,1,1,20260901,20270901,""
507844,1,1,1,1,1,0,0,20260901,20270901,"1 var."
507845,0,0,0,0,0,1,1,20260901,20270901,"1 var."
508422,1,1,1,1,1,0,0,20260907,20270901,""
507879,0,0,0,0,0,1,1,20260901,20270901,"1 var."
507878,1,1,1,1,1,0,0,20260901,20260906,"2 var."
507846,1,1,1,1,1,0,0,20260901,20270901,"1 var."
507847,0,0,0,0,0,1,1,20260901,20270901,"1 var."
507456,1,1,1,1,1,0,0,20260901,20270901,""
507457,0,0,0,0,0,1,1,20260901,20270901,""
507518,1,1,1,1,1,0,0,20260901,20270901,""
507519,0,0,0,0,0,1,1,20260901,20270901,""
508397,0,0,0,0,0,1,1,20260905,20260906,""
507848,1,1,1,1,1,0,0,20260901,20270901,""
507849,0,0,0,0,0,1,1,20260901,20270901,""
507520,1,1,1,1,1,0,0,20260901,20270901,""
507521,0,0,0,0,0,1,1,20260901,20270901,""
507458,1,1,1,1,1,0,0,20260901,20270901,""
507459,0,0,0,0,0,1,1,20260901,20270901,""
507850,1,1,1,1,1,0,0,20260901,20270901,"1 var."
507851,0,0,0,0,0,1,1,20260901,20270901,"1 var."
507460,1,1,1,1,1,0,0,20260901,20270901,""
507461,0,0,0,0,0,1,1,20260901,20270901,""
508260,0,0,0,0,0,0,1,20260906,20260906,""
508419,0,0,0,0,1,0,0,20260904,20260904,""
508420,0,0,0,0,1,0,0,20260904,20260904,""
507853,0,0,0,0,0,1,1,20260901,20270901,"1 var."
507852,1,1,1,1,1,0,0,20260901,20270901,"3 var."
507872,1,1,1,1,1,0,0,20260901,20270901,"3 var."
507522,1,1,1,1,1,0,0,20260901,20270901,""
507523,0,0,0,0,0,1,1,20260901,20270901,""
508264,0,0,0,0,0,0,1,20260906,20260906,""
507462,1,1,1,1,1,0,0,20260901,20270901,""
507463,0,0,0,0,0,1,1,20260901,20270901,""
507464,1,1,1,1,1,0,0,20260901,20270901,""
507465,0,0,0,0,0,1,1,20260901,20270901,""
507854,1,1,1,1,1,0,0,20260901,20270901,"1 var."
507855,0,0,0,0,0,1,1,20260901,20270901,"1 var."
507466,1,1,1,1,1,0,0,20260901,20270901,""
507857,0,0,0,0,0,1,1,20260901,20270901,"1 var."
507856,1,1,1,1,1,0,0,20260901,20270901,"2 var."
507859,0,0,0,0,0,1,1,20260901,20270901,"1var."
507858,1,1,1,1,1,0,0,20260901,20270901,"2 var."
507524,1,1,1,1,1,0,0,20260901,20270901,""
507525,0,0,0,0,0,1,1,20260901,20270901,""
507861,0,0,0,0,0,1,1,20260901,20270901,"1 var."
507860,1,1,1,1,1,0,0,20260901,20270901,"2 var."
507526,1,1,1,1,1,0,0,20260901,20270901,""
507527,0,0,0,0,0,1,0,20260901,20270901,""
507528,0,0,0,0,0,0,1,20260901,20270901,""
507862,1,1,1,1,1,0,0,20260901,20270901,"1 var."
507863,0,0,0,0,0,1,1,20260901,20270901,"1 var."
507529,1,1,1,1,1,0,0,20260901,20270901,""
507530,0,0,0,0,0,1,1,20260901,20270901,""
507864,1,1,1,1,1,0,0,20260901,20270901,"2 var."
507865,0,0,0,0,0,1,1,20260901,20270901,"2 var."
508261,0,0,0,0,0,0,1,20260906,20260906,""
507866,1,1,1,1,1,0,0,20260901,20270901,"2 var."
507867,0,0,0,0,0,1,1,20260901,20270901,"2 var."
508262,0,0,0,0,0,0,1,20260906,20260906,""
507868,1,1,1,1,1,0,0,20260901,20270901,"1 var."
507869,0,0,0,0,0,1,1,20260901,20270901,"2 var."
507870,1,1,1,1,1,0,0,20260901,20270901,"1 var."
507871,0,0,0,0,0,1,1,20260901,20270901,"1 var."
507467,1,1,1,1,1,0,0,20260901,20270901,""
507468,0,0,0,0,0,1,1,20260901,20270901,""
507873,0,0,0,0,0,1,1,20260901,20270901,"2 var."
507469,1,1,1,1,1,0,0,20260901,20270901,""
507470,0,0,0,0,0,1,1,20260901,20270901,""
507874,1,1,1,1,1,0,0,20260901,20270901,"1 var."
507875,0,0,0,0,0,1,1,20260901,20270901,"1 var."
508003,1,1,1,1,1,0,0,20260901,20270901,""
508004,0,0,0,0,0,1,1,20260901,20270901,""
507416,1,1,1,1,1,0,0,20260901,20270901,""
507417,0,0,0,0,0,1,1,20260901,20270901,""
507418,1,1,1,1,1,0,0,20260901,20270901,""
507419,0,0,0,0,0,1,1,20260901,20270901,""
507420,1,1,1,1,1,0,0,20260901,20270901,""
507421,0,0,0,0,0,1,1,20260901,20270901,""
507422,1,1,1,1,1,0,0,20260901,20270901,""
507423,0,0,0,0,0,1,1,20260901,20270901,""
507424,1,1,1,1,1,0,0,20260901,20270901,""
507425,0,0,0,0,0,1,1,20260901,20270901,""
507426,1,1,1,1,1,0,0,20260901,20270901,""
507427,0,0,0,0,0,1,1,20260901,20270901,""
507428,1,1,1,1,1,0,0,20260901,20270901,""
507429,0,0,0,0,0,1,1,20260901,20270901,""
507430,1,1,1,1,1,0,0,20260901,20270901,""
507431,0,0,0,0,0,1,1,20260901,20270901,""
508265,1,1,1,1,1,0,0,20260902,20270901,""
508268,1,1,1,1,1,0,0,20260902,20270901,""
507531,1,1,1,1,1,0,0,20260901,20270901,""
507532,0,0,0,0,0,1,1,20260901,20270901,""
508410,1,1,1,1,1,0,0,20260907,20270901,""
508411,0,0,0,0,0,1,1,20260907,20270901,""
508414,0,0,0,0,0,1,1,20260905,20260906,""
507533,1,1,1,1,1,0,0,20260901,20260906,""
507534,0,0,0,0,0,1,1,20260901,20260904,""
508415,0,0,0,0,0,1,1,20260905,20260906,""
508399,0,0,0,0,0,1,1,20260904,20270901,""
507536,0,0,0,0,0,1,1,20260901,20260903,""
507535,1,1,1,1,1,0,0,20260901,20270901,""
507537,1,1,1,1,1,0,0,20260901,20270901,""
507538,0,0,0,0,0,1,1,20260901,20270901,""
507554,1,1,1,1,1,0,0,20260901,20270901,""
508379,1,1,1,1,1,0,0,20260904,20270901,""
508380,0,0,0,0,0,1,1,20260904,20270901,""
508120,1,1,1,1,1,0,0,20260901,20260903,""
508121,0,0,0,0,0,1,1,20260901,20260903,""
508267,1,1,1,1,1,0,0,20260903,20270901,""
508381,0,0,0,0,0,1,1,20260904,20270901,""
508006,0,0,0,0,0,1,1,20260901,20260903,""
508412,0,0,0,0,0,1,1,20260905,20260906,"2 var."
508400,1,1,1,1,1,0,0,20260904,20270901,""
508401,0,0,0,0,0,1,1,20260904,20270901,""
507543,1,1,1,1,1,0,0,20260901,20260903,""
507544,0,0,0,0,0,1,1,20260901,20260903,""
507545,1,1,1,1,1,0,0,20260901,20270901,""
507546,0,0,0,0,0,1,1,20260901,20270901,""
508122,1,1,1,1,1,0,0,20260901,20260903,""
508123,0,0,0,0,0,1,1,20260901,20260903,""
508402,1,1,1,1,1,0,0,20260904,20270901,""
508403,0,0,0,0,0,1,1,20260904,20270901,""
507549,1,1,1,1,1,0,0,20260901,20270901,""
507550,1,1,1,1,1,0,0,20260901,20270901,""
507551,0,0,0,0,0,1,1,20260901,20270901,""
508416,0,0,0,0,0,1,1,20260905,20260906,""
507552,1,1,1,1,1,0,0,20260901,20260903,""
507553,0,0,0,0,0,1,1,20260901,20260903,""
508404,1,1,1,1,1,0,0,20260904,20270901,""
508405,0,0,0,0,0,1,1,20260904,20270901,""
508413,0,0,0,0,0,1,1,20260905,20260906,""
508382,0,0,0,0,0,1,1,20260904,20270901,""
507555,0,0,0,0,0,1,1,20260901,20260903,""
508007,1,1,1,1,1,0,0,20260901,20270901,""
508008,0,0,0,0,0,1,1,20260901,20270901,""
507558,1,1,1,1,1,0,0,20260901,20260903,""
507559,0,0,0,0,0,1,1,20260901,20260903,""
508406,1,1,1,1,1,0,0,20260904,20270901,""
508407,0,0,0,0,0,1,1,20260904,20270901,""
508408,1,1,1,1,1,0,0,20260904,20270901,""
508124,1,1,1,1,1,0,0,20260901,20260903,""