service_id,date,exception_type
498794,20270406,2
498794,20270101,2
498794,20270216,2
498794,20270311,2
498794,20270501,2
498794,20270624,2
498794,20270706,2
498794,20261101,2
498794,20261102,2
498794,20261224,2
498794,20261225,2
498794,20261226,2
498795,20270406,1
498795,20270101,1
498795,20270216,1
498795,20270311,1
498795,20270501,1
498795,20270624,1
498795,20270706,1
498795,20261101,1
498795,20261102,1
498795,20261224,1
498795,20261225,1
498795,20261226,1
505776,20270406,2
505776,20270101,2
505776,20270216,2
505776,20270311,2
505776,20270501,2
505776,20270624,2
505776,20270706,2
505776,20261101,2
505776,20261102,2
505776,20261224,2
505776,20261225,2
505776,20261226,2
505777,20270406,1
505777,20270101,1
505777,20270216,1
505777,20270311,1
505777,20270501,1
505777,20270624,1
505777,20270706,1
505777,20261101,1
505777,20261102,1
505777,20261224,1
505777,20261225,1
505777,20261226,1
501751,20270406,2
501751,20270101,2
501751,20270216,2
501751,20270311,2
501751,20270501,2
501751,20270624,2
501751,20270706,2
501751,20261101,2
501751,20261102,2
501751,20261224,2
501751,20261225,2
501751,20261226,2
501752,20270406,2
501752,20270101,2
501752,20270216,2
501752,20270311,2
501752,20270501,2
501752,20270624,2
501752,20270706,2
501752,20261101,2
501752,20261102,2
501752,20261224,2
501752,20261225,2
501752,20261226,2
498986,20270406,1
498986,20270101,1
498986,20270216,1
498986,20270311,1
498986,20270501,1
498986,20270624,1
498986,20270706,1
498986,20261101,1
498986,20261102,1
498986,20261224,1
498986,20261225,1
498986,20261226,1
499073,20270406,2
499073,20270101,2
499073,20270216,2
499073,20270311,2
499073,20270501,2
499073,20270624,2
499073,20270706,2
499073,20261101,2
499073,20261102,2
499073,20261224,2
499073,20261225,2
499073,20261226,2
499074,20270406,1
499074,20270101,1
499074,20270216,1
499074,20270311,1
499074,20270501,1
499074,20270624,1
499074,20270706,1
499074,20261101,1
499074,20261102,1
499074,20261224,1
499074,20261225,1
499074,20261226,1
499075,20270406,2
499075,20270101,2
499075,20270216,2
499075,20270311,2
499075,20270501,2
499075,20270624,2
499075,20270706,2
499075,20261101,2
499075,20261102,2
499075,20261224,2
499075,20261225,2
499075,20261226,2
498987,20270406,2
498987,20270101,2
498987,20270216,2
498987,20270311,2
498987,20270501,2
498987,20270624,2
498987,20270706,2
498987,20261101,2
498987,20261102,2
498987,20261224,2
498987,20261225,2
498987,20261226,2
498988,20270406,1
498988,20270101,1
498988,20270216,1
498988,20270311,1
498988,20270501,1
498988,20270624,1
498988,20270706,1
498988,20261101,1
498988,20261102,1
498988,20261224,1
498988,20261225,1
498988,20261226,1
499076,20270406,2
499076,20270101,2
499076,20270216,2
499076,20270311,2
499076,20270501,2
499076,20270624,2
499076,20270706,2
499076,20261101,2
499076,20261102,2
499076,20261224,2
499076,20261225,2
499076,20261226,2
499077,20270406,1
499077,20270101,1
499077,20270216,1
499077,20270311,1
499077,20270501,1
499077,20270624,1
499077,20270706,1
499077,20261101,1
499077,20261102,1
499077,20261224,1
499077,20261225,1
499077,20261226,1
504177,20270406,2
504177,20270101,2
504177,20270216,2
504177,20270311,2
504177,20270501,2
504177,20270624,2
504177,20270706,2
504177,20261101,2
504177,20261102,2
504177,20261224,2
504177,20261225,2
504177,20261226,2
504178,20270406,1
504178,20270101,1
504178,20270216,1
504178,20270311,1
504178,20270501,1
504178,20270624,1
504178,20270706,1
504178,20261101,1
504178,20261102,1
504178,20261224,1
504178,20261225,1
504178,20261226,1
498990,20270406,1
498990,20270101,1
498990,20270216,1
498990,20270311,1
498990,20270501,1
498990,20270624,1
498990,20270706,1
498990,20261101,1
498990,20261102,1
498990,20261224,1
498990,20261225,1
498990,20261226,1
498792,20270406,2
498792,20270101,2
498792,20270216,2
498792,20270311,2
498792,20270501,2
498792,20270624,2
498792,20270706,2
498792,20261101,2
498792,20261102,2
498792,20261224,2
498792,20261225,2
498792,20261226,2
498793,20270406,1
498793,20270101,1
498793,20270216,1
498793,20270311,1
498793,20270501,1
498793,20270624,1
498793,20270706,1
498793,20261101,1
498793,20261102,1
498793,20261224,1
498793,20261225,1
498793,20261226,1
498991,20270406,2
498991,20270101,2
498991,20270216,2
498991,20270311,2
498991,20270501,2
498991,20270624,2
498991,20270706,2
498991,20261101,2
498991,20261102,2
498991,20261224,2
498991,20261225,2
498991,20261226,2
498992,20270406,1
498992,20270101,1
498992,20270216,1
498992,20270311,1
498992,20270501,1
498992,20270624,1
498992,20270706,1
498992,20261101,1
498992,20261102,1
498992,20261224,1
498992,20261225,1
498992,20261226,1
500919,20270406,2
500919,20270101,2
500919,20270216,2
500919,20270311,2
500919,20270501,2
500919,20270624,2
500919,20270706,2
500919,20261101,2
500919,20261102,2
500919,20261224,2
500919,20261225,2
500919,20261226,2
500920,20270406,1
500920,20270101,1
500920,20270216,1
500920,20270311,1
500920,20270501,1
500920,20270624,1
500920,20270706,1
500920,20261101,1
500920,20261102,1
500920,20261224,1
500920,20261225,1
500920,20261226,1
499082,20270406,2
499082,20270101,2
499082,20270216,2
499082,20270311,2
499082,20270501,2
499082,20270624,2
499082,20270706,2
499082,20261101,2
499082,20261102,2
499082,20261224,2
499082,20261225,2
499082,20261226,2
499083,20270406,1
499083,20270101,1
499083,20270216,1
499083,20270311,1
499083,20270501,1
499083,20270624,1
499083,20270706,1
499083,20261101,1
499083,20261102,1
499083,20261224,1
499083,20261225,1
499083,20261226,1
500939,20270406,2
500939,20270101,2
500939,20270216,2
500939,20270311,2
500939,20270501,2
500939,20270624,2
500939,20270706,2
500939,20261101,2
500939,20261102,2
500939,20261224,2
500939,20261225,2
500939,20261226,2
500940,20270406,1
500940,20270101,1
500940,20270216,1
500940,20270311,1
500940,20270501,1
500940,20270624,1
500940,20270706,1
500940,20261101,1
500940,20261102,1
500940,20261224,1
500940,20261225,1
500940,20261226,1
498993,20270406,2
498993,20270101,2
498993,20270216,2
498993,20270311,2
498993,20270501,2
498993,20270624,2
498993,20270706,2
498993,20261101,2
498993,20261102,2
498993,20261224,2
498993,20261225,2
498993,20261226,2
498994,20270406,1
498994,20270101,1
498994,20270216,1
498994,20270311,1
498994,20270501,1
498994,20270624,1
498994,20270706,1
498994,20261101,1
498994,20261102,1
498994,20261224,1
498994,20261225,1
498994,20261226,1
498995,20270406,2
498995,20270101,2
498995,20270216,2
498995,20270311,2
498995,20270501,2
498995,20270624,2
498995,20270706,2
498995,20261101,2
498995,20261102,2
498995,20261224,2
498995,20261225,2
498995,20261226,2
498996,20270406,1
498996,20270101,1
498996,20270216,1
498996,20270311,1
498996,20270501,1
498996,20270624,1
498996,20270706,1
498996,20261101,1
498996,20261102,1
498996,20261224,1
498996,20261225,1
498996,20261226,1
505778,20270406,2
505778,20270101,2
505778,20270216,2
505778,20270311,2
505778,20270501,2
505778,20270624,2
505778,20270706,2
505778,20261101,2
505778,20261102,2
505778,20261224,2
505778,20261225,2
505778,20261226,2
505779,20270406,1
505779,20270101,1
505779,20270216,1
505779,20270311,1
505779,20270501,1
505779,20270624,1
505779,20270706,1
505779,20261101,1
505779,20261102,1
505779,20261224,1
505779,20261225,1
505779,20261226,1
502335,20270406,2
502335,20270101,2
502335,20270216,2
502335,20270311,2
502335,20270501,2
502335,20270624,2
502335,20270706,2
502335,20261101,2
502335,20261102,2
502335,20261224,2
502335,20261225,2
502335,20261226,2
502336,20270406,1
502336,20270101,1
502336,20270216,1
502336,20270311,1
502336,20270501,1
502336,20270624,1
502336,20270706,1
502336,20261101,1
502336,20261102,1
502336,20261224,1
502336,20261225,1
502336,20261226,1
501753,20270406,2
501753,20270101,2
501753,20270216,2
501753,20270311,2
501753,20270501,2
501753,20270624,2
501753,20270706,2
501753,20261101,2
501753,20261102,2
501753,20261224,2
501753,20261225,2
501753,20261226,2
499000,20270406,1
499000,20270101,1
499000,20270216,1
499000,20270311,1
499000,20270501,1
499000,20270624,1
499000,20270706,1
499000,20261101,1
499000,20261102,1
499000,20261224,1
499000,20261225,1
499000,20261226,1
501754,20270406,2
501754,20270101,2
501754,20270216,2
501754,20270311,2
501754,20270501,2
501754,20270624,2
501754,20270706,2
501754,20261101,2
501754,20261102,2
501754,20261224,2
501754,20261225,2
501754,20261226,2
504519,20270406,2
504519,20270101,2
504519,20270216,2
504519,20270311,2
504519,20270501,2
504519,20270624,2
504519,20270706,2
504519,20261101,2
504519,20261102,2
504519,20261224,2
504519,20261225,2
504519,20261226,2
504520,20270406,1
504520,20270101,1
504520,20270216,1
504520,20270311,1
504520,20270501,1
504520,20270624,1
504520,20270706,1
504520,20261101,1
504520,20261102,1
504520,20261224,1
504520,20261225,1
504520,20261226,1
498802,20270406,2
498802,20270101,2
498802,20270216,2
498802,20270311,2
498802,20270501,2
498802,20270624,2
498802,20270706,2
498802,20261101,2
498802,20261102,2
498802,20261224,2
498802,20261225,2
498802,20261226,2
498803,20270406,1
498803,20270101,1
498803,20270216,1
498803,20270311,1
498803,20270501,1
498803,20270624,1
498803,20270706,1
498803,20261101,1
498803,20261102,1
498803,20261224,1
498803,20261225,1
498803,20261226,1
498804,20270406,2
498804,20270101,2
498804,20270216,2
498804,20270311,2
498804,20270501,2
498804,20270624,2
498804,20270706,2
498804,20261101,2
498804,20261102,2
498804,20261224,2
498804,20261225,2
498804,20261226,2
498805,20270406,1
498805,20270101,1
498805,20270216,1
498805,20270311,1
498805,20270501,1
498805,20270624,1
498805,20270706,1
498805,20261101,1
498805,20261102,1
498805,20261224,1
498805,20261225,1
498805,20261226,1
499002,20270406,1
499002,20270101,1
499002,20270216,1
499002,20270311,1
499002,20270501,1
499002,20270624,1
499002,20270706,1
499002,20261101,1
499002,20261102,1
499002,20261224,1
499002,20261225,1
499002,20261226,1
499003,20270406,2
499003,20270101,2
499003,20270216,2
499003,20270311,2
499003,20270501,2
499003,20270624,2
499003,20270706,2
499003,20261101,2
499003,20261102,2
499003,20261224,2
499003,20261225,2
499003,20261226,2
499004,20270406,1
499004,20270101,1
499004,20270216,1
499004,20270311,1
499004,20270501,1
499004,20270624,1
499004,20270706,1
499004,20261101,1
499004,20261102,1
499004,20261224,1
499004,20261225,1
499004,20261226,1
499005,20270406,2
499005,20270101,2
499005,20270216,2
499005,20270311,2
499005,20270501,2
499005,20270624,2
499005,20270706,2
499005,20261101,2
499005,20261102,2
499005,20261224,2
499005,20261225,2
499005,20261226,2
499006,20270406,1
499006,20270101,1
499006,20270216,1
499006,20270311,1
499006,20270501,1
499006,20270624,1
499006,20270706,1
499006,20261101,1
499006,20261102,1
499006,20261224,1
499006,20261225,1
499006,20261226,1
499007,20270406,2
499007,20270101,2
499007,20270216,2
499007,20270311,2
499007,20270501,2
499007,20270624,2
499007,20270706,2
499007,20261101,2
499007,20261102,2
499007,20261224,2
499007,20261225,2
499007,20261226,2
499008,20270406,1
499008,20270101,1
499008,20270216,1
499008,20270311,1
499008,20270501,1
499008,20270624,1
499008,20270706,1
499008,20261101,1
499008,20261102,1
499008,20261224,1
499008,20261225,1
499008,20261226,1
498806,20270406,2
498806,20270101,2
498806,20270216,2
498806,20270311,2
498806,20270501,2
498806,20270624,2
498806,20270706,2
498806,20261101,2
498806,20261102,2
498806,20261224,2
498806,20261225,2
498806,20261226,2
498807,20270406,1
498807,20270101,1
498807,20270216,1
498807,20270311,1
498807,20270501,1
498807,20270624,1
498807,20270706,1
498807,20261101,1
498807,20261102,1
498807,20261224,1
498807,20261225,1
498807,20261226,1
504157,20270406,2
504157,20270101,2
504157,20270216,2
504157,20270311,2
504157,20270501,2
504157,20270624,2
504157,20270706,2
504157,20261101,2
504157,20261102,2
504157,20261224,2
504157,20261225,2
504157,20261226,2
504158,20270406,1
504158,20270101,1
504158,20270216,1
504158,20270311,1
504158,20270501,1
504158,20270624,1
504158,20270706,1
504158,20261101,1
504158,20261102,1
504158,20261224,1
504158,20261225,1
504158,20261226,1
498837,20270406,2
498837,20270101,2
498837,20270216,2
498837,20270311,2
498837,20270501,2
498837,20270624,2
498837,20270706,2
498837,20261101,2
498837,20261102,2
498837,20261224,2
498837,20261225,2
498837,20261226,2
498838,20270406,1
498838,20270101,1
498838,20270216,1
498838,20270311,1
498838,20270501,1
498838,20270624,1
498838,20270706,1
498838,20261101,1
498838,20261102,1
498838,20261224,1
498838,20261225,1
498838,20261226,1
499009,20270406,2
499009,20270101,2
499009,20270216,2
499009,20270311,2
499009,20270501,2
499009,20270624,2
499009,20270706,2
499009,20261101,2
499009,20261102,2
499009,20261224,2
499009,20261225,2
499009,20261226,2
499010,20270406,1
499010,20270101,1
499010,20270216,1
499010,20270311,1
499010,20270501,1
499010,20270624,1
499010,20270706,1
499010,20261101,1
499010,20261102,1
499010,20261224,1
499010,20261225,1
499010,20261226,1
499011,20270406,2
499011,20270101,2
499011,20270216,2
499011,20270311,2
499011,20270501,2
499011,20270624,2
499011,20270706,2
499011,20261101,2
499011,20261102,2
499011,20261224,2
499011,20261225,2
499011,20261226,2
499012,20270406,1
499012,20270101,1
499012,20270216,1
499012,20270311,1
499012,20270501,1
499012,20270624,1
499012,20270706,1
499012,20261101,1
499012,20261102,1
499012,20261224,1
499012,20261225,1
499012,20261226,1
504757,20270406,2
504757,20270101,2
504757,20270216,2
504757,20270311,2
504757,20270501,2
504757,20270624,2
504757,20270706,2
504757,20261101,2
504757,20261102,2
504757,20261224,2
504757,20261225,2
504757,20261226,2
504517,20270406,1
504517,20270101,1
504517,20270216,1
504517,20270311,1
504517,20270501,1
504517,20270624,1
504517,20270706,1
504517,20261101,1
504517,20261102,1
504517,20261224,1
504517,20261225,1
504517,20261226,1
499013,20270406,2
499013,20270101,2
499013,20270216,2
499013,20270311,2
499013,20270501,2
499013,20270624,2
499013,20270706,2
499013,20261101,2
499013,20261102,2
499013,20261224,2
499013,20261225,2
499013,20261226,2
499014,20270406,1
499014,20270101,1
499014,20270216,1
499014,20270311,1
499014,20270501,1
499014,20270624,1
499014,20270706,1
499014,20261101,1
499014,20261102,1
499014,20261224,1
499014,20261225,1
499014,20261226,1
476335,20261101,2
476335,20261102,2
498810,20270406,2
498810,20270101,2
498810,20270216,2
498810,20270311,2
498810,20270501,2
498810,20270624,2
498810,20270706,2
498810,20261101,2
498810,20261102,2
498810,20261224,2
498810,20261225,2
498810,20261226,2
498811,20270406,1
498811,20270101,1
498811,20270216,1
498811,20270311,1
498811,20270501,1
498811,20270624,1
498811,20270706,1
498811,20261101,1
498811,20261102,1
498811,20261224,1
498811,20261225,1
498811,20261226,1
504642,20270406,2
504642,20270101,2
504642,20270216,2
504642,20270311,2
504642,20270501,2
504642,20270624,2
504642,20270706,2
504642,20261101,2
504642,20261102,2
504642,20261224,2
504642,20261225,2
504642,20261226,2
504643,20270406,1
504643,20270101,1
504643,20270216,1
504643,20270311,1
504643,20270501,1
504643,20270624,1
504643,20270706,1
504643,20261101,1
504643,20261102,1
504643,20261224,1
504643,20261225,1
504643,20261226,1
498839,20270406,2
498839,20270101,2
498839,20270216,2
498839,20270311,2
498839,20270501,2
498839,20270624,2
498839,20270706,2
498839,20261101,2
498839,20261102,2
498839,20261224,2
498839,20261225,2
498839,20261226,2
498840,20270406,1
498840,20270101,1
498840,20270216,1
498840,20270311,1
498840,20270501,1
498840,20270624,1
498840,20270706,1
498840,20261101,1
498840,20261102,1
498840,20261224,1
498840,20261225,1
498840,20261226,1
503707,20270406,2
503707,20270101,2
503707,20270216,2
503707,20270311,2
503707,20270501,2
503707,20270624,2
503707,20270706,2
503707,20261101,2
503707,20261102,2
503707,20261224,2
503707,20261225,2
503707,20261226,2
503708,20270406,1
503708,20270101,1
503708,20270216,1
503708,20270311,1
503708,20270501,1
503708,20270624,1
503708,20270706,1
503708,20261101,1
503708,20261102,1
503708,20261224,1
503708,20261225,1
503708,20261226,1
502223,20270406,2
502223,20270101,2
502223,20270216,2
502223,20270311,2
502223,20270501,2
502223,20270624,2
502223,20270706,2
502223,20261101,2
502223,20261102,2
502223,20261224,2
502223,20261225,2
502223,20261226,2
502224,20270406,1
502224,20270101,1
502224,20270216,1
502224,20270311,1
502224,20270501,1
502224,20270624,1
502224,20270706,1
502224,20261101,1
502224,20261102,1
502224,20261224,1
502224,20261225,1
502224,20261226,1
500089,20270406,2
500089,20270101,2
500089,20270216,2
500089,20270311,2
500089,20270501,2
500089,20270624,2
500089,20270706,2
500089,20261101,2
500089,20261102,2
500089,20261224,2
500089,20261225,2
500089,20261226,2
500090,20270406,1
500090,20270101,1
500090,20270216,1
500090,20270311,1
500090,20270501,1
500090,20270624,1
500090,20270706,1
500090,20261101,1
500090,20261102,1
500090,20261224,1
500090,20261225,1
500090,20261226,1
505780,20270406,2
505780,20270101,2
505780,20270216,2
505780,20270311,2
505780,20270501,2
505780,20270624,2
505780,20270706,2
505780,20261101,2
505780,20261102,2
505780,20261224,2
505780,20261225,2
505780,20261226,2
505781,20270406,1
505781,20270101,1
505781,20270216,1
505781,20270311,1
505781,20270501,1
505781,20270624,1
505781,20270706,1
505781,20261101,1
505781,20261102,1
505781,20261224,1
505781,20261225,1
505781,20261226,1
505782,20270406,2
505782,20270101,2
505782,20270216,2
505782,20270311,2
505782,20270501,2
505782,20270624,2
505782,20270706,2
505782,20261101,2
505782,20261102,2
505782,20261224,2
505782,20261225,2
505782,20261226,2
505783,20270406,1
505783,20270101,1
505783,20270216,1
505783,20270311,1
505783,20270501,1
505783,20270624,1
505783,20270706,1
505783,20261101,1
505783,20261102,1
505783,20261224,1
505783,20261225,1
505783,20261226,1
505784,20270406,2
505784,20270101,2
505784,20270216,2
505784,20270311,2
505784,20270501,2
505784,20270624,2
505784,20270706,2
505784,20261101,2
505784,20261102,2
505784,20261224,2
505784,20261225,2
505784,20261226,2
505785,20270406,1
505785,20270101,1
505785,20270216,1
505785,20270311,1
505785,20270501,1
505785,20270624,1
505785,20270706,1
505785,20261101,1
505785,20261102,1
505785,20261224,1
505785,20261225,1
505785,20261226,1
499027,20270406,2
499027,20270101,2
499027,20270216,2
499027,20270311,2
499027,20270501,2
499027,20270624,2
499027,20270706,2
499027,20261101,2
499027,20261102,2
499027,20261224,2
499027,20261225,2
499027,20261226,2
499028,20270406,1
499028,20270101,1
499028,20270216,1
499028,20270311,1
499028,20270501,1
499028,20270624,1
499028,20270706,1
499028,20261101,1
499028,20261102,1
499028,20261224,1
499028,20261225,1
499028,20261226,1
498813,20270406,1
498813,20270101,1
498813,20270216,1
498813,20270311,1
498813,20270501,1
498813,20270624,1
498813,20270706,1
498813,20261101,1
498813,20261102,1
498813,20261224,1
498813,20261225,1
498813,20261226,1
499029,20270406,2
499029,20270101,2
499029,20270216,2
499029,20270311,2
499029,20270501,2
499029,20270624,2
499029,20270706,2
499029,20261101,2
499029,20261102,2
499029,20261224,2
499029,20261225,2
499029,20261226,2
499030,20270406,1
499030,20270101,1
499030,20270216,1
499030,20270311,1
499030,20270501,1
499030,20270624,1
499030,20270706,1
499030,20261101,1
499030,20261102,1
499030,20261224,1
499030,20261225,1
499030,20261226,1
499031,20270406,2
499031,20270101,2
499031,20270216,2
499031,20270311,2
499031,20270501,2
499031,20270624,2
499031,20270706,2
499031,20261101,2
499031,20261102,2
499031,20261224,2
499031,20261225,2
499031,20261226,2
499032,20270406,1
499032,20270101,1
499032,20270216,1
499032,20270311,1
499032,20270501,1
499032,20270624,1
499032,20270706,1
499032,20261101,1
499032,20261102,1
499032,20261224,1
499032,20261225,1
499032,20261226,1
498814,20270406,2
498814,20270101,2
498814,20270216,2
498814,20270311,2
498814,20270501,2
498814,20270624,2
498814,20270706,2
498814,20261101,2
498814,20261102,2
498814,20261224,2
498814,20261225,2
498814,20261226,2
498815,20270406,1
498815,20270101,1
498815,20270216,1
498815,20270311,1
498815,20270501,1
498815,20270624,1
498815,20270706,1
498815,20261101,1
498815,20261102,1
498815,20261224,1
498815,20261225,1
498815,20261226,1
501757,20270406,2
501757,20270101,2
501757,20270216,2
501757,20270311,2
501757,20270501,2
501757,20270624,2
501757,20270706,2
501757,20261101,2
501757,20261102,2
501757,20261224,2
501757,20261225,2
501757,20261226,2
499034,20270406,1
499034,20270101,1
499034,20270216,1
499034,20270311,1
499034,20270501,1
499034,20270624,1
499034,20270706,1
499034,20261101,1
499034,20261102,1
499034,20261224,1
499034,20261225,1
499034,20261226,1
503711,20270406,1
503711,20270101,1
503711,20270216,1
503711,20270311,1
503711,20270501,1
503711,20270624,1
503711,20270706,1
503711,20261101,1
503711,20261102,1
503711,20261224,1
503711,20261225,1
503711,20261226,1
503710,20270406,2
503710,20270101,2
503710,20270216,2
503710,20270311,2
503710,20270501,2
503710,20270624,2
503710,20270706,2
503710,20261101,2
503710,20261102,2
503710,20261224,2
503710,20261225,2
503710,20261226,2
500921,20270406,2
500921,20270101,2
500921,20270216,2
500921,20270311,2
500921,20270501,2
500921,20270624,2
500921,20270706,2
500921,20261101,2
500921,20261102,2
500921,20261224,2
500921,20261225,2
500921,20261226,2
500922,20270406,1
500922,20270101,1
500922,20270216,1
500922,20270311,1
500922,20270501,1
500922,20270624,1
500922,20270706,1
500922,20261101,1
500922,20261102,1
500922,20261224,1
500922,20261225,1
500922,20261226,1
500923,20270406,2
500923,20270101,2
500923,20270216,2
500923,20270311,2
500923,20270501,2
500923,20270624,2
500923,20270706,2
500923,20261101,2
500923,20261102,2
500923,20261224,2
500923,20261225,2
500923,20261226,2
500924,20270406,1
500924,20270101,1
500924,20270216,1
500924,20270311,1
500924,20270501,1
500924,20270624,1
500924,20270706,1
500924,20261101,1
500924,20261102,1
500924,20261224,1
500924,20261225,1
500924,20261226,1
505786,20270406,2
505786,20270101,2
505786,20270216,2
505786,20270311,2
505786,20270501,2
505786,20270624,2
505786,20270706,2
505786,20261101,2
505786,20261102,2
505786,20261224,2
505786,20261225,2
505786,20261226,2
505787,20270406,1
505787,20270101,1
505787,20270216,1
505787,20270311,1
505787,20270501,1
505787,20270624,1
505787,20270706,1
505787,20261101,1
505787,20261102,1
505787,20261224,1
505787,20261225,1
505787,20261226,1
505788,20270406,2
505788,20270101,2
505788,20270216,2
505788,20270311,2
505788,20270501,2
505788,20270624,2
505788,20270706,2
505788,20261101,2
505788,20261102,2
505788,20261224,2
505788,20261225,2
505788,20261226,2
505789,20270406,1
505789,20270101,1
505789,20270216,1
505789,20270311,1
505789,20270501,1
505789,20270624,1
505789,20270706,1
505789,20261101,1
505789,20261102,1
505789,20261224,1
505789,20261225,1
505789,20261226,1
498762,20270406,2
498762,20270101,2
498762,20270216,2
498762,20270311,2
498762,20270501,2
498762,20270624,2
498762,20270706,2
498762,20261101,2
498762,20261102,2
498762,20261224,2
498762,20261225,2
498762,20261226,2
498763,20270406,1
498763,20270101,1
498763,20270216,1
498763,20270311,1
498763,20270501,1
498763,20270624,1
498763,20270706,1
498763,20261101,1
498763,20261102,1
498763,20261224,1
498763,20261225,1
498763,20261226,1
499043,20270406,2
499043,20270101,2
499043,20270216,2
499043,20270311,2
499043,20270501,2
499043,20270624,2
499043,20270706,2
499043,20261101,2
499043,20261102,2
499043,20261224,2
499043,20261225,2
499043,20261226,2
499044,20270406,1
499044,20270101,1
499044,20270216,1
499044,20270311,1
499044,20270501,1
499044,20270624,1
499044,20270706,1
499044,20261101,1
499044,20261102,1
499044,20261224,1
499044,20261225,1
499044,20261226,1
498843,20270406,2
498843,20270101,2
498843,20270216,2
498843,20270311,2
498843,20270501,2
498843,20270624,2
498843,20270706,2
498843,20261101,2
498843,20261102,2
498843,20261224,2
498843,20261225,2
498843,20261226,2
498844,20270406,1
498844,20270101,1
498844,20270216,1
498844,20270311,1
498844,20270501,1
498844,20270624,1
498844,20270706,1
498844,20261101,1
498844,20261102,1
498844,20261224,1
498844,20261225,1
498844,20261226,1
504041,20270406,2
504041,20270101,2
504041,20270216,2
504041,20270311,2
504041,20270501,2
504041,20270624,2
504041,20270706,2
504041,20261101,2
504041,20261102,2
504041,20261224,2
504041,20261225,2
504041,20261226,2
504042,20270406,1
504042,20270101,1
504042,20270216,1
504042,20270311,1
504042,20270501,1
504042,20270624,1
504042,20270706,1
504042,20261101,1
504042,20261102,1
504042,20261224,1
504042,20261225,1
504042,20261226,1
504644,20270406,2
504644,20270101,2
504644,20270216,2
504644,20270311,2
504644,20270501,2
504644,20270624,2
504644,20270706,2
504644,20261101,2
504644,20261102,2
504644,20261224,2
504644,20261225,2
504644,20261226,2
504645,20270406,1
504645,20270101,1
504645,20270216,1
504645,20270311,1
504645,20270501,1
504645,20270624,1
504645,20270706,1
504645,20261101,1
504645,20261102,1
504645,20261224,1
504645,20261225,1
504645,20261226,1
498822,20270406,2
498822,20270101,2
498822,20270216,2
498822,20270311,2
498822,20270501,2
498822,20270624,2
498822,20270706,2
498822,20261101,2
498822,20261102,2
498822,20261224,2
498822,20261225,2
498822,20261226,2
498823,20270406,1
498823,20270101,1
498823,20270216,1
498823,20270311,1
498823,20270501,1
498823,20270624,1
498823,20270706,1
498823,20261101,1
498823,20261102,1
498823,20261224,1
498823,20261225,1
498823,20261226,1
506244,20270406,1
506244,20270101,1
506244,20270216,1
506244,20270311,1
506244,20270501,1
506244,20270624,1
506244,20270706,1
506244,20261101,1
506244,20261102,1
506244,20261224,1
506244,20261225,1
506244,20261226,1
506245,20270406,2
506245,20270101,2
506245,20270216,2
506245,20270311,2
506245,20270501,2
506245,20270624,2
506245,20270706,2
506245,20261101,2
506245,20261102,2
506245,20261224,2
506245,20261225,2
506245,20261226,2
506246,20270406,2
506246,20270101,2
506246,20270216,2
506246,20270311,2
506246,20270501,2
506246,20270624,2
506246,20270706,2
506246,20261101,2
506246,20261102,2
506246,20261224,2
506246,20261225,2
506246,20261226,2
502226,20270406,2
502226,20270101,2
502226,20270216,2
502226,20270311,2
502226,20270501,2
502226,20270624,2
502226,20270706,2
502226,20261101,2
502226,20261102,2
502226,20261224,2
502226,20261225,2
502226,20261226,2
498846,20270406,1
498846,20270101,1
498846,20270216,1
498846,20270311,1
498846,20270501,1
498846,20270624,1
498846,20270706,1
498846,20261101,1
498846,20261102,1
498846,20261224,1
498846,20261225,1
498846,20261226,1
498824,20270406,2
498824,20270101,2
498824,20270216,2
498824,20270311,2
498824,20270501,2
498824,20270624,2
498824,20270706,2
498824,20261101,2
498824,20261102,2
498824,20261224,2
498824,20261225,2
498824,20261226,2
498825,20270406,1
498825,20270101,1
498825,20270216,1
498825,20270311,1
498825,20270501,1
498825,20270624,1
498825,20270706,1
498825,20261101,1
498825,20261102,1
498825,20261224,1
498825,20261225,1
498825,20261226,1
498826,20270406,2
498826,20270101,2
498826,20270216,2
498826,20270311,2
498826,20270501,2
498826,20270624,2
498826,20270706,2
498826,20261101,2
498826,20261102,2
498826,20261224,2
498826,20261225,2
498826,20261226,2
498827,20270406,1
498827,20270101,1
498827,20270216,1
498827,20270311,1
498827,20270501,1
498827,20270624,1
498827,20270706,1
498827,20261101,1
498827,20261102,1
498827,20261224,1
498827,20261225,1
498827,20261226,1
499760,20270406,2
499760,20270101,2
499760,20270216,2
499760,20270311,2
499760,20270501,2
499760,20270624,2
499760,20270706,2
499760,20261101,2
499760,20261102,2
499760,20261224,2
499760,20261225,2
499760,20261226,2
499761,20270406,1
499761,20270101,1
499761,20270216,1
499761,20270311,1
499761,20270501,1
499761,20270624,1
499761,20270706,1
499761,20261101,1
499761,20261102,1
499761,20261224,1
499761,20261225,1
499761,20261226,1
498828,20270406,2
498828,20270101,2
498828,20270216,2
498828,20270311,2
498828,20270501,2
498828,20270624,2
498828,20270706,2
498828,20261101,2
498828,20261102,2
498828,20261224,2
498828,20261225,2
498828,20261226,2
505793,20270406,2
505793,20270101,2
505793,20270216,2
505793,20270311,2
505793,20270501,2
505793,20270624,2
505793,20270706,2
505793,20261101,2
505793,20261102,2
505793,20261224,2
505793,20261225,2
505793,20261226,2
505794,20270406,1
505794,20270101,1
505794,20270216,1
505794,20270311,1
505794,20270501,1
505794,20270624,1
505794,20270706,1
505794,20261101,1
505794,20261102,1
505794,20261224,1
505794,20261225,1
505794,20261226,1
499053,20270406,2
499053,20270101,2
499053,20270216,2
499053,20270311,2
499053,20270501,2
499053,20270624,2
499053,20270706,2
499053,20261101,2
499053,20261102,2
499053,20261224,2
499053,20261225,2
499053,20261226,2
499054,20270406,1
499054,20270101,1
499054,20270216,1
499054,20270311,1
499054,20270501,1
499054,20270624,1
499054,20270706,1
499054,20261101,1
499054,20261102,1
499054,20261224,1
499054,20261225,1
499054,20261226,1
498847,20270406,2
498847,20270101,2
498847,20270216,2
498847,20270311,2
498847,20270501,2
498847,20270624,2
498847,20270706,2
498847,20261101,2
498847,20261102,2
498847,20261224,2
498847,20261225,2
498847,20261226,2
498848,20270406,1
498848,20270101,1
498848,20270216,1
498848,20270311,1
498848,20270501,1
498848,20270624,1
498848,20270706,1
498848,20261101,1
498848,20261102,1
498848,20261224,1
498848,20261225,1
498848,20261226,1
499055,20270406,2
499055,20270101,2
499055,20270216,2
499055,20270311,2
499055,20270501,2
499055,20270624,2
499055,20270706,2
499055,20261101,2
499055,20261102,2
499055,20261224,2
499055,20261225,2
499055,20261226,2
499056,20270406,1
499056,20270101,1
499056,20270216,1
499056,20270311,1
499056,20270501,1
499056,20270624,1
499056,20270706,1
499056,20261101,1
499056,20261102,1
499056,20261224,1
499056,20261225,1
499056,20261226,1
504754,20270406,2
504754,20270101,2
504754,20270216,2
504754,20270311,2
504754,20270501,2
504754,20270624,2
504754,20270706,2
504754,20261101,2
504754,20261102,2
504754,20261224,2
504754,20261225,2
504754,20261226,2
504755,20270406,1
504755,20270101,1
504755,20270216,1
504755,20270311,1
504755,20270501,1
504755,20270624,1
504755,20270706,1
504755,20261101,1
504755,20261102,1
504755,20261224,1
504755,20261225,1
504755,20261226,1
504756,20270406,2
504756,20270101,2
504756,20270216,2
504756,20270311,2
504756,20270501,2
504756,20270624,2
504756,20270706,2
504756,20261101,2
504756,20261102,2
504756,20261224,2
504756,20261225,2
504756,20261226,2
499057,20270406,2
499057,20270101,2
499057,20270216,2
499057,20270311,2
499057,20270501,2
499057,20270624,2
499057,20270706,2
499057,20261101,2
499057,20261102,2
499057,20261224,2
499057,20261225,2
499057,20261226,2
499058,20270406,1
499058,20270101,1
499058,20270216,1
499058,20270311,1
499058,20270501,1
499058,20270624,1
499058,20270706,1
499058,20261101,1
499058,20261102,1
499058,20261224,1
499058,20261225,1
499058,20261226,1
498852,20270406,2
498852,20270101,2
498852,20270216,2
498852,20270311,2
498852,20270501,2
498852,20270624,2
498852,20270706,2
498852,20261101,2
498852,20261102,2
498852,20261224,2
498852,20261225,2
498852,20261226,2
498853,20270406,1
498853,20270101,1
498853,20270216,1
498853,20270311,1
498853,20270501,1
498853,20270624,1
498853,20270706,1
498853,20261101,1
498853,20261102,1
498853,20261224,1
498853,20261225,1
498853,20261226,1
499059,20270406,2
499059,20270101,2
499059,20270216,2
499059,20270311,2
499059,20270501,2
499059,20270624,2
499059,20270706,2
499059,20261101,2
499059,20261102,2
499059,20261224,2
499059,20261225,2
499059,20261226,2
499060,20270406,1
499060,20270101,1
499060,20270216,1
499060,20270311,1
499060,20270501,1
499060,20270624,1
499060,20270706,1
499060,20261101,1
499060,20261102,1
499060,20261224,1
499060,20261225,1
499060,20261226,1
499061,20270406,2
499061,20270101,2
499061,20270216,2
499061,20270311,2
499061,20270501,2
499061,20270624,2
499061,20270706,2
499061,20261101,2
499061,20261102,2
499061,20261224,2
499061,20261225,2
499061,20261226,2
499062,20270406,1
499062,20270101,1
499062,20270216,1
499062,20270311,1
499062,20270501,1
499062,20270624,1
499062,20270706,1
499062,20261101,1
499062,20261102,1
499062,20261224,1
499062,20261225,1
499062,20261226,1
499063,20270406,2
499063,20270101,2
499063,20270216,2
499063,20270311,2
499063,20270501,2
499063,20270624,2
499063,20270706,2
499063,20261101,2
499063,20261102,2
499063,20261224,2
499063,20261225,2
499063,20261226,2
499064,20270406,1
499064,20270101,1
499064,20270216,1
499064,20270311,1
499064,20270501,1
499064,20270624,1
499064,20270706,1
499064,20261101,1
499064,20261102,1
499064,20261224,1
499064,20261225,1
499064,20261226,1
505796,20270406,2
505796,20270101,2
505796,20270216,2
505796,20270311,2
505796,20270501,2
505796,20270624,2
505796,20270706,2
505796,20261101,2
505796,20261102,2
505796,20261224,2
505796,20261225,2
505796,20261226,2
505797,20270406,1
505797,20270101,1
505797,20270216,1
505797,20270311,1
505797,20270501,1
505797,20270624,1
505797,20270706,1
505797,20261101,1
505797,20261102,1
505797,20261224,1
505797,20261225,1
505797,20261226,1
498829,20270406,2
498829,20270101,2
498829,20270216,2
498829,20270311,2
498829,20270501,2
498829,20270624,2
498829,20270706,2
498829,20261101,2
498829,20261102,2
498829,20261224,2
498829,20261225,2
498829,20261226,2
498830,20270406,1
498830,20270101,1
498830,20270216,1
498830,20270311,1
498830,20270501,1
498830,20270624,1
498830,20270706,1
498830,20261101,1
498830,20261102,1
498830,20261224,1
498830,20261225,1
498830,20261226,1
499068,20270406,1
499068,20270101,1
499068,20270216,1
499068,20270311,1
499068,20270501,1
499068,20270624,1
499068,20270706,1
499068,20261101,1
499068,20261102,1
499068,20261224,1
499068,20261225,1
499068,20261226,1
498831,20270406,2
498831,20270101,2
498831,20270216,2
498831,20270311,2
498831,20270501,2
498831,20270624,2
498831,20270706,2
498831,20261101,2
498831,20261102,2
498831,20261224,2
498831,20261225,2
498831,20261226,2
498832,20270406,1
498832,20270101,1
498832,20270216,1
498832,20270311,1
498832,20270501,1
498832,20270624,1
498832,20270706,1
498832,20261101,1
498832,20261102,1
498832,20261224,1
498832,20261225,1
498832,20261226,1
499069,20270406,2
499069,20270101,2
499069,20270216,2
499069,20270311,2
499069,20270501,2
499069,20270624,2
499069,20270706,2
499069,20261101,2
499069,20261102,2
499069,20261224,2
499069,20261225,2
499069,20261226,2
499070,20270406,1
499070,20270101,1
499070,20270216,1
499070,20270311,1
499070,20270501,1
499070,20270624,1
499070,20270706,1
499070,20261101,1
499070,20261102,1
499070,20261224,1
499070,20261225,1
499070,20261226,1
500560,20270406,2
500560,20270101,2
500560,20270216,2
500560,20270311,2
500560,20270501,2
500560,20270624,2
500560,20270706,2
500560,20261101,2
500560,20261102,2
500560,20261224,2
500560,20261225,2
500560,20261226,2
500561,20270406,1
500561,20270101,1
500561,20270216,1
500561,20270311,1
500561,20270501,1
500561,20270624,1
500561,20270706,1
500561,20261101,1
500561,20261102,1
500561,20261224,1
500561,20261225,1
500561,20261226,1
498857,20270406,2
498857,20270101,2
498857,20270216,2
498857,20270311,2
498857,20270501,2
498857,20270624,2
498857,20270706,2
498857,20261101,2
498857,20261102,2
498857,20261224,2
498857,20261225,2
498857,20261226,2
498858,20270406,1
498858,20270101,1
498858,20270216,1
498858,20270311,1
498858,20270501,1
498858,20270624,1
498858,20270706,1
498858,20261101,1
498858,20261102,1
498858,20261224,1
498858,20261225,1
498858,20261226,1
498859,20270406,2
498859,20270101,2
498859,20270216,2
498859,20270311,2
498859,20270501,2
498859,20270624,2
498859,20270706,2
498859,20261101,2
498859,20261102,2
498859,20261224,2
498859,20261225,2
498859,20261226,2
498860,20270406,1
498860,20270101,1
498860,20270216,1
498860,20270311,1
498860,20270501,1
498860,20270624,1
498860,20270706,1
498860,20261101,1
498860,20261102,1
498860,20261224,1
498860,20261225,1
498860,20261226,1
498861,20270406,2
498861,20270101,2
498861,20270216,2
498861,20270311,2
498861,20270501,2
498861,20270624,2
498861,20270706,2
498861,20261101,2
498861,20261102,2
498861,20261224,2
498861,20261225,2
498861,20261226,2
498862,20270406,1
498862,20270101,1
498862,20270216,1
498862,20270311,1
498862,20270501,1
498862,20270624,1
498862,20270706,1
498862,20261101,1
498862,20261102,1
498862,20261224,1
498862,20261225,1
498862,20261226,1
498863,20270406,2
498863,20270101,2
498863,20270216,2
498863,20270311,2
498863,20270501,2
498863,20270624,2
498863,20270706,2
498863,20261101,2
498863,20261102,2
498863,20261224,2
498863,20261225,2
498863,20261226,2
498864,20270406,1
498864,20270101,1
498864,20270216,1
498864,20270311,1
498864,20270501,1
498864,20270624,1
498864,20270706,1
498864,20261101,1
498864,20261102,1
498864,20261224,1
498864,20261225,1
498864,20261226,1
503823,20270406,2
503823,20270101,2
503823,20270216,2
503823,20270311,2
503823,20270501,2
503823,20270624,2
503823,20270706,2
503823,20261101,2
503823,20261102,2
503823,20261224,2
503823,20261225,2
503823,20261226,2
503824,20270406,1
503824,20270101,1
503824,20270216,1
503824,20270311,1
503824,20270501,1
503824,20270624,1
503824,20270706,1
503824,20261101,1
503824,20261102,1
503824,20261224,1
503824,20261225,1
503824,20261226,1
501740,20270406,2
501740,20270101,2
501740,20270216,2
501740,20270311,2
501740,20270501,2
501740,20270624,2
501740,20270706,2
501740,20261101,2
501740,20261102,2
501740,20261224,2
501740,20261225,2
501740,20261226,2
501741,20270406,1
501741,20270101,1
501741,20270216,1
501741,20270311,1
501741,20270501,1
501741,20270624,1
501741,20270706,1
501741,20261101,1
501741,20261102,1
501741,20261224,1
501741,20261225,1
501741,20261226,1
498869,20270406,2
498869,20270101,2
498869,20270216,2
498869,20270311,2
498869,20270501,2
498869,20270624,2
498869,20270706,2
498869,20261101,2
498869,20261102,2
498869,20261224,2
498869,20261225,2
498869,20261226,2
498870,20270406,1
498870,20270101,1
498870,20270216,1
498870,20270311,1
498870,20270501,1
498870,20270624,1
498870,20270706,1
498870,20261101,1
498870,20261102,1
498870,20261224,1
498870,20261225,1
498870,20261226,1
501743,20270406,2
501743,20270101,2
501743,20270216,2
501743,20270311,2
501743,20270501,2
501743,20270624,2
501743,20270706,2
501743,20261101,2
501743,20261102,2
501743,20261224,2
501743,20261225,2
501743,20261226,2
501744,20270406,1
501744,20270101,1
501744,20270216,1
501744,20270311,1
501744,20270501,1
501744,20270624,1
501744,20270706,1
501744,20261101,1
501744,20261102,1
501744,20261224,1
501744,20261225,1
501744,20261226,1
498766,20270406,2
498766,20270101,2
498766,20270216,2
498766,20270311,2
498766,20270501,2
498766,20270624,2
498766,20270706,2
498766,20261101,2
498766,20261102,2
498766,20261224,2
498766,20261225,2
498766,20261226,2
498767,20270406,1
498767,20270101,1
498767,20270216,1
498767,20270311,1
498767,20270501,1
498767,20270624,1
498767,20270706,1
498767,20261101,1
498767,20261102,1
498767,20261224,1
498767,20261225,1
498767,20261226,1
501745,20270406,2
501745,20270101,2
501745,20270216,2
501745,20270311,2
501745,20270501,2
501745,20270624,2
501745,20270706,2
501745,20261101,2
501745,20261102,2
501745,20261224,2
501745,20261225,2
501745,20261226,2
501746,20270406,1
501746,20270101,1
501746,20270216,1
501746,20270311,1
501746,20270501,1
501746,20270624,1
501746,20270706,1
501746,20261101,1
501746,20261102,1
501746,20261224,1
501746,20261225,1
501746,20261226,1
498768,20270406,2
498768,20270101,2
498768,20270216,2
498768,20270311,2
498768,20270501,2
498768,20270624,2
498768,20270706,2
498768,20261101,2
498768,20261102,2
498768,20261224,2
498768,20261225,2
498768,20261226,2
498769,20270406,1
498769,20270101,1
498769,20270216,1
498769,20270311,1
498769,20270501,1
498769,20270624,1
498769,20270706,1
498769,20261101,1
498769,20261102,1
498769,20261224,1
498769,20261225,1
498769,20261226,1
498785,20270406,2
498785,20270101,2
498785,20270216,2
498785,20270311,2
498785,20270501,2
498785,20270624,2
498785,20270706,2
498785,20261101,2
498785,20261102,2
498785,20261224,2
498785,20261225,2
498785,20261226,2
498770,20270406,2
498770,20270101,2
498770,20270216,2
498770,20270311,2
498770,20270501,2
498770,20270624,2
498770,20270706,2
498770,20261101,2
498770,20261102,2
498770,20261224,2
498770,20261225,2
498770,20261226,2
498771,20270406,1
498771,20270101,1
498771,20270216,1
498771,20270311,1
498771,20270501,1
498771,20270624,1
498771,20270706,1
498771,20261101,1
498771,20261102,1
498771,20261224,1
498771,20261225,1
498771,20261226,1
501747,20270406,2
501747,20270101,2
501747,20270216,2
501747,20270311,2
501747,20270501,2
501747,20270624,2
501747,20270706,2
501747,20261101,2
501747,20261102,2
501747,20261224,2
501747,20261225,2
501747,20261226,2
502084,20270406,1
502084,20270101,1
502084,20270216,1
502084,20270311,1
502084,20270501,1
502084,20270624,1
502084,20270706,1
502084,20261101,1
502084,20261102,1
502084,20261224,1
502084,20261225,1
502084,20261226,1
501498,20270406,2
501498,20270101,2
501498,20270216,2
501498,20270311,2
501498,20270501,2
501498,20270624,2
501498,20270706,2
501498,20261101,2
501498,20261102,2
501498,20261224,2
501498,20261225,2
501498,20261226,2
501499,20270406,1
501499,20270101,1
501499,20270216,1
501499,20270311,1
501499,20270501,1
501499,20270624,1
501499,20270706,1
501499,20261101,1
501499,20261102,1
501499,20261224,1
501499,20261225,1
501499,20261226,1
498776,20270406,2
498776,20270101,2
498776,20270216,2
498776,20270311,2
498776,20270501,2
498776,20270624,2
498776,20270706,2
498776,20261101,2
498776,20261102,2
498776,20261224,2
498776,20261225,2
498776,20261226,2
498777,20270406,1
498777,20270101,1
498777,20270216,1
498777,20270311,1
498777,20270501,1
498777,20270624,1
498777,20270706,1
498777,20261101,1
498777,20261102,1
498777,20261224,1
498777,20261225,1
498777,20261226,1
498778,20270406,2
498778,20270101,2
498778,20270216,2
498778,20270311,2
498778,20270501,2
498778,20270624,2
498778,20270706,2
498778,20261101,2
498778,20261102,2
498778,20261224,2
498778,20261225,2
498778,20261226,2
498780,20270406,2
498780,20270101,2
498780,20270216,2
498780,20270311,2
498780,20270501,2
498780,20270624,2
498780,20270706,2
498780,20261101,2
498780,20261102,2
498780,20261224,2
498780,20261225,2
498780,20261226,2
498781,20270406,2
498781,20270101,2
498781,20270216,2
498781,20270311,2
498781,20270501,2
498781,20270624,2
498781,20270706,2
498781,20261101,2
498781,20261102,2
498781,20261224,2
498781,20261225,2
498781,20261226,2
498782,20270406,1
498782,20270101,1
498782,20270216,1
498782,20270311,1
498782,20270501,1
498782,20270624,1
498782,20270706,1
498782,20261101,1
498782,20261102,1
498782,20261224,1
498782,20261225,1
498782,20261226,1
500934,20270406,2
500934,20270101,2
500934,20270216,2
500934,20270311,2
500934,20270501,2
500934,20270624,2
500934,20270706,2
500934,20261101,2
500934,20261102,2
500934,20261224,2
500934,20261225,2
500934,20261226,2
500935,20270406,1
500935,20270101,1
500935,20270216,1
500935,20270311,1
500935,20270501,1
500935,20270624,1
500935,20270706,1
500935,20261101,1
500935,20261102,1
500935,20261224,1
500935,20261225,1
500935,20261226,1
502085,20270406,1
502085,20270101,1
502085,20270216,1
502085,20270311,1
502085,20270501,1
502085,20270624,1
502085,20270706,1
502085,20261101,1
502085,20261102,1
502085,20261224,1
502085,20261225,1
502085,20261226,1
500937,20270406,2
500937,20270101,2
500937,20270216,2
500937,20270311,2
500937,20270501,2
500937,20270624,2
500937,20270706,2
500937,20261101,2
500937,20261102,2
500937,20261224,2
500937,20261225,2
500937,20261226,2
500938,20270406,1
500938,20270101,1
500938,20270216,1
500938,20270311,1
500938,20270501,1
500938,20270624,1
500938,20270706,1
500938,20261101,1
500938,20261102,1
500938,20261224,1
500938,20261225,1
500938,20261226,1
500936,20270406,2
500936,20270101,2
500936,20270216,2
500936,20270311,2
500936,20270501,2
500936,20270624,2
500936,20270706,2
500936,20261101,2
500936,20261102,2
500936,20261224,2
500936,20261225,2
500936,20261226,2
498790,20270406,1
498790,20270101,1
498790,20270216,1
498790,20270311,1
498790,20270501,1
498790,20270624,1
498790,20270706,1
498790,20261101,1
498790,20261102,1
498790,20261224,1
498790,20261225,1
498790,20261226,1
498791,20270406,2
498791,20270101,2
498791,20270216,2
498791,20270311,2
498791,20270501,2
498791,20270624,2
498791,20270706,2
498791,20261101,2
498791,20261102,2
498791,20261224,2
498791,20261225,2
498791,20261226,2